Regime 0,Regime 1,LOW_VOL_Return,MOM_Return,LOW_VOL_Return_shifted,MOM_Return_shifted
0,0,,,,
0,0,,,-0.0022706848873553787,0.00044097004174203924
0,0,-0.0022706848873553787,0.00044097004174203924,0.015801977266150402,0.027182704977995797
0,0,0.015801977266150402,0.027182704977995797,0.005523275715475062,0.01077046815814664
0,0,0.005523275715475062,0.01077046815814664,0.009925062374811056,0.02612136030228962
0,0,0.009925062374811056,0.02612136030228962,-0.0017713029352086629,0.012645889111278397
0,0,-0.0017713029352086629,0.012645889111278397,0.01344505045025568,0.017386468159747093
0,0,0.01344505045025568,0.017386468159747093,0.0011221269680217194,-0.004032648049485221
0,0,0.0011221269680217194,-0.004032648049485221,-0.007561572652508786,-0.004739286468228743
0,0,-0.007561572652508786,-0.004739286468228743,-0.01592099327438945,-0.01893712019174687
0,0,-0.01592099327438945,-0.01893712019174687,-0.0008838467119580695,-0.000505916411366214
0,0,-0.0008838467119580695,-0.000505916411366214,0.0066754249298017765,0.005022788577806914
0,0,0.0066754249298017765,0.005022788577806914,-0.005969901292239732,-0.030857807001495763
0,0,-0.005969901292239732,-0.030857807001495763,-0.007450566874225517,-0.007417639769209505
0,0,-0.007450566874225517,-0.007417639769209505,0.008380553570736193,-0.0033293208453968326
0,0,0.008380553570736193,-0.0033293208453968326,0.012139522109310574,0.01024132899315311
0,0,0.012139522109310574,0.01024132899315311,-0.006527732551828813,-0.012010790823356099
0,0,-0.006527732551828813,-0.012010790823356099,0.004582174314913479,-0.0005465500993010464
0,0,0.004582174314913479,-0.0005465500993010464,0.006575455692348076,0.02553537190231414
0,0,0.006575455692348076,0.02553537190231414,0.001738470880342513,0.011441461803643138
0,0,0.001738470880342513,0.011441461803643138,0.004505277009281272,0.010797852145142839
0,0,0.004505277009281272,0.010797852145142839,0.007097514044702713,0.016297418770471195
0,0,0.007097514044702713,0.016297418770471195,-0.0006258516166592898,0.005134161923568303
0,0,-0.0006258516166592898,0.005134161923568303,-0.002616993924263733,0.0018742409534255877
0,0,-0.002616993924263733,0.0018742409534255877,0.0018344561131782289,0.009991233552424594
0,0,0.0018344561131782289,0.009991233552424594,0.009382904280069049,0.010149881017147644
0,0,0.009382904280069049,0.010149881017147644,0.0009551664136833171,0.006563611322383922
0,0,0.0009551664136833171,0.006563611322383922,0.008370601761831686,0.011540590160988184
0,0,0.008370601761831686,0.011540590160988184,0.004692892228012946,0.015886891951368387
0,0,0.004692892228012946,0.015886891951368387,0.0017127592217272003,0.013448387564762632
0,0,0.0017127592217272003,0.013448387564762632,-0.004031951549937518,-0.015232865967251707
0,0,-0.004031951549937518,-0.015232865967251707,-0.001368592628837595,0.0021725191265318244
0,0,-0.001368592628837595,0.0021725191265318244,0.008015511732213376,0.023126613190058043
0,0,0.008015511732213376,0.023126613190058043,0.014611488942712914,0.024285703188117402
0,0,0.014611488942712914,0.024285703188117402,-0.002061682595058567,-0.0025861889169288554
0,0,-0.002061682595058567,-0.0025861889169288554,-0.008229916562207173,0.0035908929328412054
0,0,-0.008229916562207173,0.0035908929328412054,0.006039293157571235,0.012760871459364553
0,0,0.006039293157571235,0.012760871459364553,-0.013639718960309688,-0.024044333141940877
0,0,-0.013639718960309688,-0.024044333141940877,-0.015453295629487496,-0.025964742834256205
0,0,-0.015453295629487496,-0.025964742834256205,-0.005245712119977153,-0.012817889563503049
0,0,-0.005245712119977153,-0.012817889563503049,0.0047220915555761245,0.013376939925342723
0,0,0.0047220915555761245,0.013376939925342723,0.01077258615155996,0.025509812752349648
0,0,0.01077258615155996,0.025509812752349648,0.006289868407401755,-0.0060140916918852705
0,0,0.006289868407401755,-0.0060140916918852705,0.005309117039058009,0.009934285923759223
0,0,0.005309117039058009,0.009934285923759223,0.015608085500029789,0.029114250508639694
0,0,0.015608085500029789,0.029114250508639694,-0.0004192166462668734,0.003681118258012539
0,0,-0.0004192166462668734,0.003681118258012539,0.0026612543610184947,0.02113457547745612
0,0,0.0026612543610184947,0.02113457547745612,0.011612085117296056,0.020273317575461025
0,0,0.011612085117296056,0.020273317575461025,0.001955720633757929,0.009178090460111754
0,0,0.001955720633757929,0.009178090460111754,-0.003471054298856191,0.0007229958414545212
0,0,-0.003471054298856191,0.0007229958414545212,0.016559294061223806,0.031194682876323654
0,0,0.016559294061223806,0.031194682876323654,0.007633837465272686,0.012970807585765964
0,0,0.007633837465272686,0.012970807585765964,-0.010415775241951253,-0.013269183520297045
0,0,-0.010415775241951253,-0.013269183520297045,0.004338785060663541,0.015231542988902724
0,0,0.004338785060663541,0.015231542988902724,8.313481597022054e-05,0.012871253863728116
0,0,8.313481597022054e-05,0.012871253863728116,-0.006587886482907757,-0.024164845043138317
0,0,-0.006587886482907757,-0.024164845043138317,0.008694664655710005,-0.01748553636134964
0,0,0.008694664655710005,-0.01748553636134964,0.010447755297947392,0.018692785131572576
0,0,0.010447755297947392,0.018692785131572576,0.0012041351094325137,0.010183565691385343
0,0,0.0012041351094325137,0.010183565691385343,-0.0030545514182822586,-0.02230003345173115
0,0,-0.0030545514182822586,-0.02230003345173115,0.01887110230268174,0.029299148414517084
0,0,0.01887110230268174,0.029299148414517084,-0.0015626862056901114,0.0072277846263837375
0,0,-0.0015626862056901114,0.0072277846263837375,-0.0039907978708044745,0.0181064662871131
0,0,-0.0039907978708044745,0.0181064662871131,0.003959433444407523,0.026085384268301093
0,0,0.003959433444407523,0.026085384268301093,-0.009372945426682322,-0.007556503117057356
0,0,-0.009372945426682322,-0.007556503117057356,0.015299717035401672,0.022710949659367596
0,0,0.015299717035401672,0.022710949659367596,0.005930043479967173,0.00018143171520246248
0,0,0.005930043479967173,0.00018143171520246248,0.007889291134061782,0.01696860706047909
0,0,0.007889291134061782,0.01696860706047909,0.00026620423906642543,0.003858065031999258
0,0,0.00026620423906642543,0.003858065031999258,-0.022846891193910368,-0.05685050587054885
0,0,-0.022846891193910368,-0.05685050587054885,-0.007653972822360133,-0.02659646170911867
0,0,-0.007653972822360133,-0.02659646170911867,0.011001620461612793,0.011916342006690783
0,0,0.011001620461612793,0.011916342006690783,-0.014125101440234822,-0.05729883740294528
0,0,-0.014125101440234822,-0.05729883740294528,-0.01501392420389891,-0.03605160423692044
0,0,-0.01501392420389891,-0.03605160423692044,0.0006513075718224126,0.016181476400955352
0,0,0.0006513075718224126,0.016181476400955352,0.012028963826918204,0.03797215208859317
0,0,0.012028963826918204,0.03797215208859317,0.01728274691421494,0.026725935304520165
0,0,0.01728274691421494,0.026725935304520165,-0.0069476921537271474,-0.023885638458290614
0,0,-0.0069476921537271474,-0.023885638458290614,-0.002561111035742969,-0.03459906486230413
0,0,-0.002561111035742969,-0.03459906486230413,0.022937228160815115,0.03276490805094312
0,0,0.022937228160815115,0.03276490805094312,0.008898884172997334,0.023861212445705604
0,0,0.008898884172997334,0.023861212445705604,-0.0036853614431179293,-0.012256208394216483
0,0,-0.0036853614431179293,-0.012256208394216483,0.01359415568463973,0.014605995607987143
0,0,0.01359415568463973,0.014605995607987143,0.0029903503407955334,0.0011526652237379142
0,0,0.0029903503407955334,0.0011526652237379142,0.009722191243057399,0.00016758924546311782
0,0,0.009722191243057399,0.00016758924546311782,-0.0018086378333900255,-0.0024748783924855022
0,0,-0.0018086378333900255,-0.0024748783924855022,0.004269295741400558,-0.030143452260968706
0,0,0.004269295741400558,-0.030143452260968706,0.00164904078345951,0.0028404416540375177
0,0,0.00164904078345951,0.0028404416540375177,0.0051433935213960336,0.013186186886350093
0,0,0.0051433935213960336,0.013186186886350093,0.008721187387427998,0.010502002897809781
0,0,0.008721187387427998,0.010502002897809781,0.0016418223504823803,0.01729724988234005
0,0,0.0016418223504823803,0.01729724988234005,0.0074744743226848875,0.02306550703489685
0,0,0.0074744743226848875,0.02306550703489685,0.009794075354891962,0.01852100976538762
0,0,0.009794075354891962,0.01852100976538762,-0.0011329790962251174,-0.0035248137338840246
0,0,-0.0011329790962251174,-0.0035248137338840246,0.004352305833866366,0.014256124767841216
0,0,0.004352305833866366,0.014256124767841216,0.0067433715973610475,-0.00632169972634844
0,0,0.0067433715973610475,-0.00632169972634844,0.011101008903119824,0.009271128618489222
0,0,0.011101008903119824,0.009271128618489222,0.0043040759268877515,0.014208336604129013
0,0,0.0043040759268877515,0.014208336604129013,0.012833533456291013,0.02286687306501567
0,0,0.012833533456291013,0.02286687306501567,0.007137909327967096,0.008023947745969817
0,0,0.007137909327967096,0.008023947745969817,0.003455037026734553,-9.758675462478994e-05
0,0,0.003455037026734553,-9.758675462478994e-05,0.0048291867460206195,0.007171074264762156
0,0,0.0048291867460206195,0.007171074264762156,-0.0018024519402223271,-0.0024135900474816507
0,0,-0.0018024519402223271,-0.0024135900474816507,-0.0010658977597608477,-0.004318808785861772
0,0,-0.0010658977597608477,-0.004318808785861772,0.011572902537941188,0.009676170235758175
0,0,0.011572902537941188,0.009676170235758175,0.0012657932304240838,0.009138976963772638
0,0,0.0012657932304240838,0.009138976963772638,0.010046920049368468,0.014015917604375483
0,0,0.010046920049368468,0.014015917604375483,0.011476464137595732,0.011171058098217834
0,0,0.011476464137595732,0.011171058098217834,0.007717960234734145,0.008277831731018148
0,0,0.007717960234734145,0.008277831731018148,0.0027648867472298555,0.007919206426554304
0,0,0.0027648867472298555,0.007919206426554304,-0.028490644423560307,-0.034335789289167584
0,0,-0.028490644423560307,-0.034335789289167584,-0.007705612392750361,-0.007397084204963433
0,0,-0.007705612392750361,-0.007397084204963433,0.0007413996386722577,0.0031177457842586076
0,0,0.0007413996386722577,0.0031177457842586076,0.024494888048812724,0.03460909657614031
0,0,0.024494888048812724,0.03460909657614031,-0.002427325118733892,0.001723726318302532
0,0,-0.002427325118733892,0.001723726318302532,0.011653165532549581,0.015584725096854823
0,0,0.011653165532549581,0.015584725096854823,0.006533838636264333,0.007295640355521105
0,0,0.006533838636264333,0.007295640355521105,0.019174571034859644,0.015762761221971067
0,0,0.019174571034859644,0.015762761221971067,0.0026221412471645333,0.002876462292678017
0,0,0.0026221412471645333,0.002876462292678017,6.605045783203423e-05,0.0017751060435284849
0,0,6.605045783203423e-05,0.0017751060435284849,0.0005236511854094239,0.004790000924028481
0,0,0.0005236511854094239,0.004790000924028481,0.00017917414862833603,0.006160125393375626
0,0,0.00017917414862833603,0.006160125393375626,-0.003148342975313856,-0.0005739339881825067
0,0,-0.003148342975313856,-0.0005739339881825067,0.008961745877360316,0.0117125561991549
0,0,0.008961745877360316,0.0117125561991549,-0.012213146514011508,-0.011121007085222012
0,0,-0.012213146514011508,-0.011121007085222012,-0.00795990705928673,0.0020661268120620857
0,0,-0.00795990705928673,0.0020661268120620857,-0.005258303391988406,0.007179642654482121
0,0,-0.005258303391988406,0.007179642654482121,-0.006234167146844993,-0.0077504718344468815
0,0,-0.006234167146844993,-0.0077504718344468815,0.01574972056947388,0.02663180191523451
0,0,0.01574972056947388,0.02663180191523451,0.0034956873555043178,0.013458174144301838
0,0,0.0034956873555043178,0.013458174144301838,0.0026306316284994136,0.004782565503859804
0,0,0.0026306316284994136,0.004782565503859804,-0.02904567262167801,-0.03312344154059932
0,0,-0.02904567262167801,-0.03312344154059932,-0.019099190472591454,-0.01585223175572381
0,0,-0.019099190472591454,-0.01585223175572381,0.010637381210800712,-0.016956333999028406
0,0,0.010637381210800712,-0.016956333999028406,-0.02474567739703526,-0.04231353138031668
0,0,-0.02474567739703526,-0.04231353138031668,0.019752459600680616,0.029495992478013155
0,0,0.019752459600680616,0.029495992478013155,0.004792592995593203,0.015765725001984032
0,0,0.004792592995593203,0.015765725001984032,0.003483365820682982,0.011865552069584062
0,0,0.003483365820682982,0.011865552069584062,0.0038555178215506913,0.010164605931881843
0,0,0.0038555178215506913,0.010164605931881843,0.02126723880973813,0.03698682671987452
0,0,0.02126723880973813,0.03698682671987452,0.013263828416315127,0.02491287734293679
0,0,0.013263828416315127,0.02491287734293679,0.017476163680650414,0.011044649199281942
0,0,0.017476163680650414,0.011044649199281942,0.00606334372638484,0.015956723299910713
0,0,0.00606334372638484,0.015956723299910713,-0.017672158623500245,-0.0030854568367681967
0,0,-0.017672158623500245,-0.0030854568367681967,-2.73928859892969e-05,0.003245321143870994
0,0,-2.73928859892969e-05,0.003245321143870994,0.011860661877215684,0.013014206694634822
0,0,0.011860661877215684,0.013014206694634822,-0.014172086975556497,-0.018519483888800647
0,0,-0.014172086975556497,-0.018519483888800647,-0.01195762106110565,-0.03148032634003839
0,0,-0.01195762106110565,-0.03148032634003839,-0.011819630719922314,-0.013078705622632136
0,0,-0.011819630719922314,-0.013078705622632136,0.018767624281066153,0.01932818500886513
0,0,0.018767624281066153,0.01932818500886513,0.014787048671997427,0.019220310319079337
0,0,0.014787048671997427,0.019220310319079337,-0.01173281760964251,-0.0031680601819488174
0,0,-0.01173281760964251,-0.0031680601819488174,-0.018807078590794224,-0.01985612947099802
0,0,-0.018807078590794224,-0.01985612947099802,0.010037099029076346,0.027460146505037253
0,0,0.010037099029076346,0.027460146505037253,-0.01356594838225278,-0.015359224455810283
0,0,-0.01356594838225278,-0.015359224455810283,-0.014783168396492408,-0.02806804282500086
0,0,-0.014783168396492408,-0.02806804282500086,-0.029316649871052314,-0.05188698177430251
0,0,-0.029316649871052314,-0.05188698177430251,-0.02461663751538523,-0.0457848271529917
0,0,-0.02461663751538523,-0.0457848271529917,0.029408289178491476,0.030925902339406397
0,0,0.029408289178491476,0.030925902339406397,-0.017955326604449873,-0.019477301468536434
0,0,-0.017955326604449873,-0.019477301468536434,0.006701176502709405,0.019527257179908553
0,0,0.006701176502709405,0.019527257179908553,0.0009187320480688044,0.010279959841086539
0,0,0.0009187320480688044,0.010279959841086539,0.008189024116595611,0.016283595998581202
0,0,0.008189024116595611,0.016283595998581202,-0.028209990912465677,-0.025016601545329475
0,0,-0.028209990912465677,-0.025016601545329475,-0.006028240687124264,-0.007605854968566916
0,0,-0.006028240687124264,-0.007605854968566916,0.0014442486124865983,-0.020349198849888617
0,0,0.0014442486124865983,-0.020349198849888617,0.016323996735374324,0.028859201171147486
0,0,0.016323996735374324,0.028859201171147486,0.019624259210057726,0.029604327970522037
0,0,0.019624259210057726,0.029604327970522037,-0.004942556086575012,0.013476126849347292
0,0,-0.004942556086575012,0.013476126849347292,0.000703090990078481,0.013599954281400706
0,0,0.000703090990078481,0.013599954281400706,0.009146382508953055,0.019068735560445083
0,0,0.009146382508953055,0.019068735560445083,0.008019557782005915,-0.0026003435387057516
0,0,0.008019557782005915,-0.0026003435387057516,-0.0030233196794537953,0.012304175524778582
0,0,-0.0030233196794537953,0.012304175524778582,0.007954161726601905,0.02188673186172907
0,0,0.007954161726601905,0.02188673186172907,-0.0018841553156394575,-0.0026699189546783852
0,0,-0.0018841553156394575,-0.0026699189546783852,-0.003285559126456894,-0.01008682648207726
0,0,-0.003285559126456894,-0.01008682648207726,-0.007870295673902294,-0.0010408127433876313
0,0,-0.007870295673902294,-0.0010408127433876313,-0.023401215762378524,-0.008423687987204165
0,0,-0.023401215762378524,-0.008423687987204165,-0.010463500716894614,0.0056809270048696625
0,0,-0.010463500716894614,0.0056809270048696625,-0.01733476013358992,-0.013484932632395696
0,0,-0.01733476013358992,-0.013484932632395696,-0.010492823727059952,-0.02580900564636246
0,0,-0.010492823727059952,-0.02580900564636246,-0.00843232880846001,-0.023228659674935592
0,0,-0.00843232880846001,-0.023228659674935592,-0.004499505027594886,-0.021798181098608205
0,0,-0.004499505027594886,-0.021798181098608205,0.015725489949262927,-0.016803392437714226
0,0,0.015725489949262927,-0.016803392437714226,0.0009267971854398649,-0.0031557659087395606
0,0,0.0009267971854398649,-0.0031557659087395606,0.008516516559009313,-0.03212812930149045
0,0,0.008516516559009313,-0.03212812930149045,-0.000910227697229371,-0.008674209837564395
0,0,-0.000910227697229371,-0.008674209837564395,-0.012121972798191272,0.01606854424245996
0,0,-0.012121972798191272,0.01606854424245996,0.004806645787521546,0.008445538272999986
0,0,0.004806645787521546,0.008445538272999986,-0.012519729250576206,-0.06214612349833115
0,0,-0.012519729250576206,-0.06214612349833115,-0.0009008073239394898,-0.0368757458655552
0,0,-0.0009008073239394898,-0.0368757458655552,-0.012723052241949473,-0.0063207193943281
0,0,-0.012723052241949473,-0.0063207193943281,0.0027061277771622816,0.0007200745939801578
0,0,0.0027061277771622816,0.0007200745939801578,-0.047815636161168684,-0.09521120019145601
0,0,-0.047815636161168684,-0.09521120019145601,-0.13833456938026512,-0.13143031463642163
0,0,-0.13833456938026512,-0.13143031463642163,-0.006956153282544952,0.004084740085064986
0,0,-0.006956153282544952,0.004084740085064986,-0.032545358377854994,-0.042579820735699325
0,0,-0.032545358377854994,-0.042579820735699325,0.004063607284171322,0.036695542724880514
0,0,0.004063607284171322,0.036695542724880514,0.03760153650280884,0.006135744172876434
0,0,0.03760153650280884,0.006135744172876434,-0.04778714622121483,-0.03356914068668926
0,0,-0.04778714622121483,-0.03356914068668926,-0.06453842573617796,-0.06644305987941146
0,0,-0.06453842573617796,-0.06644305987941146,0.05690151304186375,0.03984192490759875
0,0,0.05690151304186375,0.03984192490759875,-0.01971544001405212,-0.012573241397170754
0,0,-0.01971544001405212,-0.012573241397170754,0.023552347708914123,0.020787299006204796
0,0,0.023552347708914123,0.020787299006204796,0.01499480643768325,0.016989615672840408
0,0,0.01499480643768325,0.016989615672840408,-0.011812417929394803,-0.01329726201880066
0,0,-0.011812417929394803,-0.01329726201880066,0.03182434358655151,0.028871122263260496
0,0,0.03182434358655151,0.028871122263260496,-0.006475294754470062,-0.017861883036084936
0,0,-0.006475294754470062,-0.017861883036084936,-0.04636821477095132,-0.04399402855230372
0,0,-0.04636821477095132,-0.04399402855230372,-0.03470045062737881,-0.029943545252146708
0,0,-0.03470045062737881,-0.029943545252146708,0.018223001499368507,0.009460490215052353
0,0,0.018223001499368507,0.009460490215052353,-0.0065355836311297155,-1.804443441977277e-05
0,0,-0.0065355836311297155,-1.804443441977277e-05,-0.016314192030620123,-0.01808761633231215
0,0,-0.016314192030620123,-0.01808761633231215,-0.046813778336220246,-0.04564426873838501
0,0,-0.046813778336220246,-0.04564426873838501,-0.02964534526219187,-0.037744341718558005
0,0,-0.02964534526219187,-0.037744341718558005,-0.06457866384074451,-0.06232302412375035
0,0,-0.06457866384074451,-0.06232302412375035,0.02028157314313539,0.033380729184728786
0,0,0.02028157314313539,0.033380729184728786,0.053690370742622395,0.04299765082479312
0,0,0.053690370742622395,0.04299765082479312,0.04321042752145199,0.0393167766430873
0,0,0.04321042752145199,0.0393167766430873,-0.002276953097064771,0.0005691682285053901
0,0,-0.002276953097064771,0.0005691682285053901,0.017272914610748202,0.005478995596810865
0,0,0.017272914610748202,0.005478995596810865,0.021616153482238998,0.014292748051849546
0,0,0.021616153482238998,0.014292748051849546,-0.009766539073546188,-0.00881000723470804
0,0,-0.009766539073546188,-0.00881000723470804,0.016136294099942328,0.014251910104423171
0,0,0.016136294099942328,0.014251910104423171,0.050785801713586265,0.0325140214686328
0,0,0.050785801713586265,0.0325140214686328,-0.008479985835627923,-0.004869888977323544
0,0,-0.008479985835627923,-0.004869888977323544,0.007712532248135506,0.009378501970140674
0,0,0.007712532248135506,0.009378501970140674,0.015875921131016435,0.01183635920037407
0,0,0.015875921131016435,0.01183635920037407,0.02036389926497173,0.018712655984886917
0,0,0.02036389926497173,0.018712655984886917,0.000787277594079594,-0.0031031083199786202
0,0,0.000787277594079594,-0.0031031083199786202,-0.01161781893374092,-0.028467991208446453
0,0,-0.01161781893374092,-0.028467991208446453,0.0011370070790059916,-0.002320586177826378
0,0,0.0011370070790059916,-0.002320586177826378,0.0066768729656490056,0.005818330550392936
0,0,0.0066768729656490056,0.005818330550392936,-0.014362898121687673,-0.026995142572425745
0,0,-0.014362898121687673,-0.026995142572425745,0.02810965489612549,0.05151097639386415
0,0,0.02810965489612549,0.05151097639386415,0.029273843029676616,0.04855299708240901
0,0,0.029273843029676616,0.04855299708240901,0.021339056053961913,0.01014276937175218
0,0,0.021339056053961913,0.01014276937175218,0.015603189900765813,0.02267971093677512
0,0,0.015603189900765813,0.02267971093677512,-0.0004056465160805489,-0.004826466941523777
0,0,-0.0004056465160805489,-0.004826466941523777,0.0005174352736458943,-0.0025829533184367204
0,0,0.0005174352736458943,-0.0025829533184367204,0.021607390492873524,0.017445048807139818
0,0,0.021607390492873524,0.017445048807139818,-0.011724925571013678,-0.01490213301126897
0,0,-0.011724925571013678,-0.01490213301126897,0.02472568044159673,0.035307110867935254
0,0,0.02472568044159673,0.035307110867935254,0.019139387672625352,0.02097503782592436
0,0,0.019139387672625352,0.02097503782592436,-0.0035896594075773836,-0.006468446671740735
0,0,-0.0035896594075773836,-0.006468446671740735,-0.008766305944374997,-0.01590977066388788
0,0,-0.008766305944374997,-0.01590977066388788,0.01062000951165154,0.026765230690797726
0,0,0.01062000951165154,0.026765230690797726,0.0111008518083342,0.022419983194561288
0,0,0.0111008518083342,0.022419983194561288,-0.0007691651961079238,0.005127199372408464
0,0,-0.0007691651961079238,0.005127199372408464,-0.026930717923675518,-0.03662531939605118
0,0,-0.026930717923675518,-0.03662531939605118,0.0068494807212868825,0.0070098145118975275
0,0,0.0068494807212868825,0.0070098145118975275,0.023921692263808136,0.033663442199023175
0,0,0.023921692263808136,0.033663442199023175,0.000955000606039258,0.0007634945814125604
0,0,0.000955000606039258,0.0007634945814125604,0.0031347258286757995,-0.004197868290262363
0,0,0.0031347258286757995,-0.004197868290262363,0.008794585012212641,0.008972253885962234
0,0,0.008794585012212641,0.008972253885962234,-0.006159668885228231,-0.009613080867093782
0,0,-0.006159668885228231,-0.009613080867093782,-0.005667683619549613,-4.466129986713252e-05
0,0,-0.005667683619549613,-4.466129986713252e-05,0.00700365318831242,0.017556396714270228
0,0,0.00700365318831242,0.017556396714270228,0.0008077896915175131,0.0071599961959663005
0,0,0.0008077896915175131,0.0071599961959663005,0.003064797750479409,0.01584883321863151
0,0,0.003064797750479409,0.01584883321863151,0.007078791157306696,-0.002992326131372791
0,0,0.007078791157306696,-0.002992326131372791,-0.011801065290019674,-0.027725335585209954
0,0,-0.011801065290019674,-0.027725335585209954,-0.019091853275482018,-0.04032137608267139
0,0,-0.019091853275482018,-0.04032137608267139,-0.00960654527534699,-0.014739819417516564
0,0,-0.00960654527534699,-0.014739819417516564,-0.005549266475696091,-0.0038575852842289704
0,0,-0.005549266475696091,-0.0038575852842289704,0.015610384417144685,0.02851728148040844
0,0,0.015610384417144685,0.02851728148040844,0.005752664131471352,0.0021566820978251577
0,0,0.005752664131471352,0.0021566820978251577,0.014783834373841342,0.032702283290628076
0,0,0.014783834373841342,0.032702283290628076,0.010183380327833724,0.023189514690248547
0,0,0.010183380327833724,0.023189514690248547,0.009941593974977847,0.007014175753457863
0,0,0.009941593974977847,0.007014175753457863,-0.0023286348936106815,0.005383753061384722
0,0,-0.0023286348936106815,0.005383753061384722,0.0048233639368555625,0.00985405347821433
0,0,0.0048233639368555625,0.00985405347821433,0.004498835249942212,0.014213126571373413
0,0,0.004498835249942212,0.014213126571373413,0.008001630328641651,0.011989168836482156
0,0,0.008001630328641651,0.011989168836482156,-0.0018195602729342841,0.0028641416996419977
0,0,-0.0018195602729342841,0.0028641416996419977,-0.014231381617072048,-0.014131203432620199
0,0,-0.014231381617072048,-0.014131203432620199,-0.03219918022884727,-0.0635585071270286
0,0,-0.03219918022884727,-0.0635585071270286,0.004735512114478313,0.013040139874372025
0,0,0.004735512114478313,0.013040139874372025,-0.026374510020670594,-0.05025633158184051
0,0,-0.026374510020670594,-0.05025633158184051,-0.01575442389849635,-0.00905164456478269
0,0,-0.01575442389849635,-0.00905164456478269,0.00452839742097777,0.003657999375132226
0,0,0.00452839742097777,0.003657999375132226,0.003741748235829956,-0.0033005023260130884
0,0,0.003741748235829956,-0.0033005023260130884,0.029542964866347887,0.04900802542062155
0,0,0.029542964866347887,0.04900802542062155,-0.006214020340369997,-0.01970226537216846
0,0,-0.006214020340369997,-0.01970226537216846,-0.01734656012666025,-0.05109640517943914
0,0,-0.01734656012666025,-0.05109640517943914,0.019103867397751273,0.025542235740840136
0,0,0.019103867397751273,0.025542235740840136,0.011969178352911447,0.02309744154399107
0,0,0.011969178352911447,0.02309744154399107,0.004046365252814654,0.010856940389144532
0,0,0.004046365252814654,0.010856940389144532,0.008567763619194757,0.017147045096278513
0,0,0.008567763619194757,0.017147045096278513,0.01425440393873978,0.019697743116662503
0,0,0.01425440393873978,0.019697743116662503,-0.012382755978423088,-0.03097914482958042
0,0,-0.012382755978423088,-0.03097914482958042,-3.176617018396666e-05,-0.010712460695489034
0,0,-3.176617018396666e-05,-0.010712460695489034,-0.0019156571763022656,-0.022648523717419655
0,0,-0.0019156571763022656,-0.022648523717419655,0.017478477418409133,0.03131317028007108
0,0,0.017478477418409133,0.03131317028007108,0.01358939844920104,0.022971006632078517
0,0,0.01358939844920104,0.022971006632078517,0.010083458340035767,0.024488258653347028
0,0,0.010083458340035767,0.024488258653347028,0.013547420601486282,0.021816721691799712
0,0,0.013547420601486282,0.021816721691799712,0.005603412838337762,0.008493210496441694
0,0,0.005603412838337762,0.008493210496441694,0.009813557843942666,0.013469844381561069
0,0,0.009813557843942666,0.013469844381561069,0.0074251525016932884,0.020187417979002698
0,0,0.0074251525016932884,0.020187417979002698,0.00261099170358281,0.004075172101904334
0,0,0.00261099170358281,0.004075172101904334,0.0009030953727493518,0.005181303933687431
0,0,0.0009030953727493518,0.005181303933687431,0.014923221621987448,0.0253979212339166
0,0,0.014923221621987448,0.0253979212339166,-0.004451205078073839,-0.0033502030352514645
0,0,-0.004451205078073839,-0.0033502030352514645,-0.011902109443044595,-0.012149989525871097
0,0,-0.011902109443044595,-0.012149989525871097,-0.00514261166240948,0.006389718586075732
0,0,-0.00514261166240948,0.006389718586075732,0.0025415954446583733,0.015914525782086963
0,1,0.0025415954446583733,0.015914525782086963,0.008926201784525523,0.013874083328107911
0,1,0.008926201784525523,0.013874083328107911,0.010288259020383217,0.002857686574265106
0,1,0.010288259020383217,0.002857686574265106,0.005408224990576027,0.007195018201024084
0,1,0.005408224990576027,0.007195018201024084,0.003950859710909693,1.2560210508993919e-05
1,0,0.003950859710909693,1.2560210508993919e-05,-0.005657607893205685,0.004397588469871705
1,0,-0.005657607893205685,0.004397588469871705,-0.00013888209521539796,0.008980196673341378
1,0,-0.00013888209521539796,0.008980196673341378,0.0059177232053546636,-0.007233309475341176
0,1,0.0059177232053546636,-0.007233309475341176,0.0026079684160524863,0.001936590321417686
0,1,0.0026079684160524863,0.001936590321417686,0.0061231348648822514,0.01411243221017422
0,1,0.0061231348648822514,0.01411243221017422,0.005285211137254331,0.017572824629599415
0,1,0.005285211137254331,0.017572824629599415,0.006815211675781807,0.012592048128398536
0,1,0.006815211675781807,0.012592048128398536,-0.002035487053860252,-0.016975603066906264
0,1,-0.002035487053860252,-0.016975603066906264,0.0079395046396884,0.010180208183285577
0,1,0.0079395046396884,0.010180208183285577,-0.005082185965725294,-0.011796244234339448
0,1,-0.005082185965725294,-0.011796244234339448,-0.026689853062168423,-0.029876816987408406
0,1,-0.026689853062168423,-0.029876816987408406,0.022376981181504885,0.031017692187255363
1,0,0.022376981181504885,0.031017692187255363,0.010457175802353058,0.021843219019879845
0,1,0.010457175802353058,0.021843219019879845,0.009340517219518008,0.009919824043869818
0,1,0.009340517219518008,0.009919824043869818,0.0038188779868488787,-0.00877025177685875
0,1,0.0038188779868488787,-0.00877025177685875,0.00932232519180265,0.020137765175694877
0,1,0.00932232519180265,0.020137765175694877,0.015829863068502315,0.024564339505948496
0,1,0.015829863068502315,0.024564339505948496,0.0038121880983239542,-0.010651156514760896
0,1,0.0038121880983239542,-0.010651156514760896,0.0005382454172133677,-0.0053707096055449766
0,1,0.0005382454172133677,-0.0053707096055449766,-0.0016422237021411767,-0.00925932608272062
0,1,-0.0016422237021411767,-0.00925932608272062,-0.0038514130368625388,-0.005811480186480034
0,1,-0.0038514130368625388,-0.005811480186480034,0.0036650865274869826,0.0038320015357309334
0,1,0.0036650865274869826,0.0038320015357309334,-0.013658780482261546,-0.022197697605637945
0,1,-0.013658780482261546,-0.022197697605637945,-0.00620638578011834,-0.009157684153952017
1,0,-0.00620638578011834,-0.009157684153952017,0.0022655420657173853,0.005336861106005175
1,0,0.0022655420657173853,0.005336861106005175,0.01615920105354096,0.03215992134622647
0,1,0.01615920105354096,0.03215992134622647,0.012601294521010109,0.022094249048187242
0,1,0.012601294521010109,0.022094249048187242,-0.0072937375346459055,-0.01972433662640527
0,1,-0.0072937375346459055,-0.01972433662640527,0.006306374801030135,0.01512569237324235
0,1,0.006306374801030135,0.01512569237324235,-0.010947904819698429,-0.016055278354783598
0,1,-0.010947904819698429,-0.016055278354783598,-0.03654481270072407,-0.061161418379620636
0,1,-0.03654481270072407,-0.061161418379620636,-0.0267397901775851,-0.04957221631512587
0,1,-0.0267397901775851,-0.04957221631512587,0.011348745788094305,-0.00043578652964326725
0,1,0.011348745788094305,-0.00043578652964326725,0.006216971002607652,0.0021506006064628824
0,1,0.006216971002607652,0.0021506006064628824,0.020313875911028845,0.033434842882048565
0,1,0.020313875911028845,0.033434842882048565,-0.014795400955699645,-0.012921142702758459
0,1,-0.014795400955699645,-0.012921142702758459,0.006182917086387185,0.011155226326970524
0,1,0.006182917086387185,0.011155226326970524,-0.014562407853512038,-0.013455772998749005
0,1,-0.014562407853512038,-0.013455772998749005,0.004366207773387698,-0.00854091391288403
0,1,0.004366207773387698,-0.00854091391288403,-0.005706692347349218,-0.012273314551150216
0,1,-0.005706692347349218,-0.012273314551150216,0.027215307926218957,0.04634433597281529
0,1,0.027215307926218957,0.04634433597281529,0.009354785508786545,0.0031354453219751832
0,1,0.009354785508786545,0.0031354453219751832,0.018820871221405078,0.021643617491817313
1,0,0.018820871221405078,0.021643617491817313,-0.017380528106269666,-0.008705849826749157
1,0,-0.017380528106269666,-0.008705849826749157,0.00402178805119302,0.005930470974405688
0,1,0.00402178805119302,0.005930470974405688,-0.014431606680016196,-0.017590550125527238
0,1,-0.014431606680016196,-0.017590550125527238,-0.03097773072107557,-0.03705776998999799
0,1,-0.03097773072107557,-0.03705776998999799,0.030307172281939687,0.04331491641531926
0,1,0.030307172281939687,0.04331491641531926,0.010733318259072977,0.012746089197928523
0,1,0.010733318259072977,0.012746089197928523,-0.01098668868021857,-0.017622682860291006
0,1,-0.01098668868021857,-0.017622682860291006,0.018516509107177725,0.020784076452883937
1,0,0.018516509107177725,0.020784076452883937,0.010540463019872659,0.010038344805365584
0,1,0.010540463019872659,0.010038344805365584,0.0016640824191154202,0.004250792227294742
0,1,0.0016640824191154202,0.004250792227294742,-0.0005642975345784285,-0.0029337420794210978
0,1,-0.0005642975345784285,-0.0029337420794210978,0.007570068701715282,0.004296347278303969
1,0,0.007570068701715282,0.004296347278303969,0.0037545867060293503,0.006197741161261261
0,1,0.0037545867060293503,0.006197741161261261,0.0062539948513473664,0.011050635734998648
0,1,0.0062539948513473664,0.011050635734998648,0.0025153427950554974,0.011712343777808165
0,1,0.0025153427950554974,0.011712343777808165,0.0011036563579340797,0.008907542989398776
0,1,0.0011036563579340797,0.008907542989398776,0.007635385933187466,0.007439792152698077
1,0,0.007635385933187466,0.007439792152698077,0.004269296250905885,0.009285773542697218
0,1,0.004269296250905885,0.009285773542697218,-0.0004193148160772653,0.00016297585406443993
0,1,-0.0004193148160772653,0.00016297585406443993,0.006674214885882934,0.016884381097314716
1,0,0.006674214885882934,0.016884381097314716,0.00031077961285741473,0.003246676337024468
0,1,0.00031077961285741473,0.003246676337024468,0.0076526142928221574,0.009844622194566943
0,1,0.0076526142928221574,0.009844622194566943,-0.004930859017305722,0.003145480177423554
0,1,-0.004930859017305722,0.003145480177423554,-0.011801533570342304,-0.015092642610939455
0,1,-0.011801533570342304,-0.015092642610939455,0.012989217432851419,0.005429078142531463
0,1,0.012989217432851419,0.005429078142531463,0.0058306685719515805,0.009582501446859348
0,1,0.0058306685719515805,0.009582501446859348,0.0031267305381461608,0.0013206706209070163
0,1,0.0031267305381461608,0.0013206706209070163,-0.011491477884325474,-0.01682969520830302
0,1,-0.011491477884325474,-0.01682969520830302,-0.02301445938693414,-0.026285435675976965
0,1,-0.02301445938693414,-0.026285435675976965,-0.002755395551720219,0.004693975944982665
0,1,-0.002755395551720219,0.004693975944982665,-0.007022081716721695,-0.010822171782041368
0,1,-0.007022081716721695,-0.010822171782041368,0.004992667772932613,0.004884389818357926
0,1,0.004992667772932613,0.004884389818357926,0.012878049717047535,0.01653308120420327
0,1,0.012878049717047535,0.01653308120420327,0.00812000644482569,0.01239437651846953
0,1,0.00812000644482569,0.01239437651846953,0.005542093350663135,0.000743327797814608
0,1,0.005542093350663135,0.000743327797814608,0.018354685322095277,0.01823695100323408
0,1,0.018354685322095277,0.01823695100323408,0.00031597993948184744,-0.00702287865624085
0,1,0.00031597993948184744,-0.00702287865624085,0.008186878660729313,0.010147270238480166
1,0,0.008186878660729313,0.010147270238480166,-0.0031612199410996356,-0.000936983756678722
1,0,-0.0031612199410996356,-0.000936983756678722,0.010351637563308813,0.014471436769936341
0,1,0.010351637563308813,0.014471436769936341,0.0037172425065739034,0.005495841838002891
0,1,0.0037172425065739034,0.005495841838002891,0.0028779796657791845,0.004911204093605459
0,1,0.0028779796657791845,0.004911204093605459,0.00177196832905957,3.9895526915412205e-06
0,1,0.00177196832905957,3.9895526915412205e-06,-0.0007320343458565581,0.0009787663554379211
0,1,-0.0007320343458565581,0.0009787663554379211,0.003952143703443545,0.009412743140389201
0,1,0.003952143703443545,0.009412743140389201,0.007937205240044376,0.009660589532869412
1,0,0.007937205240044376,0.009660589532869412,0.0046494723358612156,0.009987902931453574
0,1,0.0046494723358612156,0.009987902931453574,0.000854414277689175,-0.005418242362446479
0,1,0.000854414277689175,-0.005418242362446479,0.005815636391954371,0.012226963165981486
1,0,0.005815636391954371,0.012226963165981486,-0.01075471450045784,-0.015465107036540249
0,1,-0.01075471450045784,-0.015465107036540249,0.004343781149628967,0.0018282416456254502
0,1,0.004343781149628967,0.0018282416456254502,-0.011495824612401062,-0.01885865432732592
0,1,-0.011495824612401062,-0.01885865432732592,0.0005919993812271152,-0.00038948341780975504
0,1,0.0005919993812271152,-0.00038948341780975504,-0.01121903504703492,-0.01373927840625977
0,1,-0.01121903504703492,-0.01373927840625977,-0.015316117140670382,-0.01839865087310233
0,1,-0.015316117140670382,-0.01839865087310233,0.01576733899626115,0.027106351464010636
0,1,0.01576733899626115,0.027106351464010636,0.009319265251090503,0.011387536085854855
0,1,0.009319265251090503,0.011387536085854855,0.003700733519635735,0.0019661640560961757
0,1,0.003700733519635735,0.0019661640560961757,0.00037167633445522874,-0.0007996527823447286
1,0,0.00037167633445522874,-0.0007996527823447286,0.0011257386269249992,0.0037079352710596147
0,1,0.0011257386269249992,0.0037079352710596147,-0.011103983359580627,-0.010525363292893664
0,1,-0.011103983359580627,-0.010525363292893664,0.013672904981063105,0.019780971302018502
0,1,0.013672904981063105,0.019780971302018502,0.00841764402033962,0.00895328798421735
0,1,0.00841764402033962,0.00895328798421735,0.00706203924902149,0.006179097210324835
1,0,0.00706203924902149,0.006179097210324835,0.007910456341135408,0.008480087668539582
0,1,0.007910456341135408,0.008480087668539582,0.010273418774294107,0.007958128741678339
0,1,0.010273418774294107,0.007958128741678339,0.002990657144204878,-0.002377782843440146
0,1,0.002990657144204878,-0.002377782843440146,0.002299181428712549,0.003875631368122745
0,1,0.002299181428712549,0.003875631368122745,0.00840649146626693,0.0028181624976895137
0,1,0.00840649146626693,0.0028181624976895137,0.006884271490967153,0.002067867174959881
1,0,0.006884271490967153,0.002067867174959881,0.016119863171940585,0.021370585754527882
1,0,0.016119863171940585,0.021370585754527882,0.008832241159663301,0.0071529566289212365
1,0,0.008832241159663301,0.0071529566289212365,0.008040535279871586,0.00224086500795595
1,0,0.008040535279871586,0.00224086500795595,0.01592841090557573,0.010177873049089348
1,0,0.01592841090557573,0.010177873049089348,-0.0007549238440561767,0.0015392361015151845
1,0,-0.0007549238440561767,0.0015392361015151845,0.012713258589241327,0.01674121068442913
1,0,0.012713258589241327,0.01674121068442913,-0.003751138456023151,-0.00739616692587064
1,0,-0.003751138456023151,-0.00739616692587064,0.012030714804519782,0.01298624105145274
0,1,0.012030714804519782,0.01298624105145274,0.00961434759504054,0.012270543419838686
0,1,0.00961434759504054,0.012270543419838686,-0.00020587721172282691,0.009841428833102794
0,1,-0.00020587721172282691,0.009841428833102794,0.002810996884008654,0.008713451433701502
0,1,0.002810996884008654,0.008713451433701502,-0.010147659258197272,-0.006966313362324783
0,1,-0.010147659258197272,-0.006966313362324783,-0.023761218799701056,-0.015143214721226261
1,0,-0.023761218799701056,-0.015143214721226261,-0.014340184457805827,-0.02279119725644474
0,1,-0.014340184457805827,-0.02279119725644474,0.002856883298961277,0.013327966580052308
0,1,0.002856883298961277,0.013327966580052308,-0.009038376256043978,-0.005560974463234336
0,1,-0.009038376256043978,-0.005560974463234336,-0.005411773694672828,-0.004155055908900862
0,1,-0.005411773694672828,-0.004155055908900862,0.013119150585241712,0.03062365162659253
0,1,0.013119150585241712,0.03062365162659253,0.02188857415210621,0.025192057921352706
0,1,0.02188857415210621,0.025192057921352706,0.009793938398161783,0.013049675021648444
0,1,0.009793938398161783,0.013049675021648444,0.0012819957669207849,0.000637482178215576
0,1,0.0012819957669207849,0.000637482178215576,0.0014651342602907125,-0.006202350866035711
0,1,0.0014651342602907125,-0.006202350866035711,0.000978162441702679,0.0032019157980878177
0,1,0.000978162441702679,0.0032019157980878177,-0.012086639984678516,-0.018364477932065304
0,1,-0.012086639984678516,-0.018364477932065304,-0.010948934086729034,-0.01219730332499347
0,1,-0.010948934086729034,-0.01219730332499347,-0.010073372793731772,-0.011808108777173532
0,1,-0.010073372793731772,-0.011808108777173532,0.00141508095155074,0.010304639233246649
1,0,0.00141508095155074,0.010304639233246649,0.015536471534576712,0.023350453095906554
0,1,0.015536471534576712,0.023350453095906554,0.01745707828673293,0.019318891839108288
0,1,0.01745707828673293,0.019318891839108288,-0.000696856374440058,0.007308395355466235
0,1,-0.000696856374440058,0.007308395355466235,-0.007262294171276884,-0.008647230155071295
0,1,-0.007262294171276884,-0.008647230155071295,-0.0019618389409225,-0.004731063348640707
1,0,-0.0019618389409225,-0.004731063348640707,0.02056526273364878,0.025227158476117006
0,1,0.02056526273364878,0.025227158476117006,0.016373660466137974,0.01109302654614952
0,1,0.016373660466137974,0.01109302654614952,0.0034498919881744694,-0.0013395031660984325
0,1,0.0034498919881744694,-0.0013395031660984325,-0.0019062852913105388,-0.00939551659297011
0,1,-0.0019062852913105388,-0.00939551659297011,0.005918993225095592,0.01496982065152852
0,1,0.005918993225095592,0.01496982065152852,0.00015590953964395027,0.010669217037555523
0,1,0.00015590953964395027,0.010669217037555523,-0.003884508604928283,0.005806175218915577
0,1,-0.003884508604928283,0.005806175218915577,-0.008314410546750084,-0.00745443147794056
0,1,-0.008314410546750084,-0.00745443147794056,-0.010034365754101215,-0.0020360263850462967
0,1,-0.010034365754101215,-0.0020360263850462967,0.0036650177636228243,0.014141798338061173
1,0,0.0036650177636228243,0.014141798338061173,0.011604340037319805,0.018188921416441906
0,1,0.011604340037319805,0.018188921416441906,0.0032194686001703055,0.001962491648155318
0,1,0.0032194686001703055,0.001962491648155318,-0.0034866496104052347,0.006012783291651669
0,1,-0.0034866496104052347,0.006012783291651669,0.0009702422998940641,0.002037284230080205
1,0,0.0009702422998940641,0.002037284230080205,-0.005012929317823822,-0.009317808380151948
0,1,-0.005012929317823822,-0.009317808380151948,-0.015399917136788677,-0.022101470022823366
0,1,-0.015399917136788677,-0.022101470022823366,-0.008786148605277488,-0.007742097393159342
0,1,-0.008786148605277488,-0.007742097393159342,0.024614672123802528,0.03507333553933578
0,1,0.024614672123802528,0.03507333553933578,0.011844409417049118,0.013685492278621592
0,1,0.011844409417049118,0.013685492278621592,0.008371263121897954,0.01305077085321149
0,1,0.008371263121897954,0.01305077085321149,0.0044687382290482525,0.004273063637913799
0,1,0.0044687382290482525,0.004273063637913799,-0.004315553684042794,-0.015283023710849553
0,1,-0.004315553684042794,-0.015283023710849553,-0.003223792376009338,-0.005534986911926554
0,1,-0.003223792376009338,-0.005534986911926554,0.004283629630792207,-0.017713558720583333
0,1,0.004283629630792207,-0.017713558720583333,0.010625585900880807,0.011379532236363454
0,1,0.010625585900880807,0.011379532236363454,-0.007146116942530312,-0.031460147401896954
0,1,-0.007146116942530312,-0.031460147401896954,0.007205648421160227,0.005953066950525221
0,1,0.007205648421160227,0.005953066950525221,0.004369509898801027,0.00928190237338411
0,1,0.004369509898801027,0.00928190237338411,0.010288877902155047,0.0017594369801665621
0,1,0.010288877902155047,0.0017594369801665621,0.0027545993276827385,0.0003842330533132543
1,0,0.0027545993276827385,0.0003842330533132543,0.004984162021427041,0.0031787449363529507
0,1,0.004984162021427041,0.0031787449363529507,0.0003840076245165136,0.008345094818958732
0,1,0.0003840076245165136,0.008345094818958732,0.005897543778200065,0.020125107522229735
0,1,0.005897543778200065,0.020125107522229735,0.006276427220127001,0.012387676188100105
0,1,0.006276427220127001,0.012387676188100105,-0.0002669536468136169,0.002053149262867038
0,1,-0.0002669536468136169,0.002053149262867038,0.0069384665839504756,0.007809195551542691
0,1,0.0069384665839504756,0.007809195551542691,0.0017767985116421414,0.0015694526729006508
0,1,0.0017767985116421414,0.0015694526729006508,0.0076696172179384625,0.00928989279543635
0,1,0.0076696172179384625,0.00928989279543635,-0.0015244816233555003,-0.011305375484453983
1,0,-0.0015244816233555003,-0.011305375484453983,0.0036928300003298276,-0.0003632837333850114
1,0,0.0036928300003298276,-0.0003632837333850114,0.00037883186081488773,0.007525246160444254
0,1,0.00037883186081488773,0.007525246160444254,-0.011059342700106778,-0.016647532686139277
0,1,-0.011059342700106778,-0.016647532686139277,-0.009803073107523375,-0.017891742386518694
0,1,-0.009803073107523375,-0.017891742386518694,0.013822939938365364,0.009748898103432602
0,1,0.013822939938365364,0.009748898103432602,0.012559821678992611,0.02019945909398224
0,1,0.012559821678992611,0.02019945909398224,0.004766608780030213,0.010008430511629918
0,1,0.004766608780030213,0.010008430511629918,0.001536256108460643,0.00392259414225915
0,1,0.001536256108460643,0.00392259414225915,-0.010107396154646175,-0.006339096993470461
0,1,-0.010107396154646175,-0.006339096993470461,-0.0008903979276732032,0.002515056482364608
0,1,-0.0008903979276732032,0.002515056482364608,-0.008968163196430012,-0.01295092312234769
0,1,-0.008968163196430012,-0.01295092312234769,-0.006624697439632898,-0.013883349365365838
0,1,-0.006624697439632898,-0.013883349365365838,-0.003923358804613364,-0.024203221809169673
0,1,-0.003923358804613364,-0.024203221809169673,-0.014647457787130835,-0.03306597855404958
0,1,-0.014647457787130835,-0.03306597855404958,0.024750058668826957,0.041126848759228896
0,1,0.024750058668826957,0.041126848759228896,0.021292950715485315,0.02562236926688155
0,1,0.021292950715485315,0.02562236926688155,0.0082073834583416,0.00792662948025269
0,1,0.0082073834583416,0.00792662948025269,0.007903795867934882,0.004260150315752886
0,1,0.007903795867934882,0.004260150315752886,0.005290217886501525,0.010712122876409103
0,1,0.005290217886501525,0.010712122876409103,0.003302741053871072,0.014632208747971998
0,1,0.003302741053871072,0.014632208747971998,0.0018084644503035818,0.0036247304438492556
0,1,0.0018084644503035818,0.0036247304438492556,-0.012127398915300014,-0.01395732334465749
1,0,-0.012127398915300014,-0.01395732334465749,-6.683377013283476e-05,0.00014463310603907154
1,0,-6.683377013283476e-05,0.00014463310603907154,0.015980622623886553,0.014375984033281997
1,0,0.015980622623886553,0.014375984033281997,-0.0052815089832886075,-0.008228039913782514
0,1,-0.0052815089832886075,-0.008228039913782514,-0.0027681117148160572,-0.006497104147865529
0,1,-0.0027681117148160572,-0.006497104147865529,0.01268125286606403,0.001813838640224441
0,1,0.01268125286606403,0.001813838640224441,0.015134188724531095,0.016563752945857546
0,1,0.015134188724531095,0.016563752945857546,-0.0051555231091495735,-0.0072568762972147205
0,1,-0.0051555231091495735,-0.0072568762972147205,0.0044129408576134566,0.005226789594945158
1,0,0.0044129408576134566,0.005226789594945158,0.002311001925282996,0.011820986257561561
0,1,0.002311001925282996,0.011820986257561561,0.006861415698949935,0.017034198849415594
0,1,0.006861415698949935,0.017034198849415594,0.006784037199292214,0.00910602624888357
0,1,0.006784037199292214,0.00910602624888357,-0.007608381004519216,-0.00716715059005979
0,1,-0.007608381004519216,-0.00716715059005979,-0.015147899849500268,-0.013253529885141502
0,1,-0.015147899849500268,-0.013253529885141502,0.020229821440776563,0.026478484783049705
0,1,0.020229821440776563,0.026478484783049705,0.0052043163962927075,-0.007936092336750078
0,1,0.0052043163962927075,-0.007936092336750078,-0.00403569487589206,-0.006195804908591951
0,1,-0.00403569487589206,-0.006195804908591951,0.010152425108115315,0.012052197802197684
1,0,0.010152425108115315,0.012052197802197684,-1.561873903987987e-05,-0.0019300355332843022
1,0,-1.561873903987987e-05,-0.0019300355332843022,0.00801307685886088,0.012392251148656275
0,1,0.00801307685886088,0.012392251148656275,-0.0034323701787728478,-0.007952022795798541
0,1,-0.0034323701787728478,-0.007952022795798541,-0.004577601279026289,-0.004559417304482616
0,1,-0.004577601279026289,-0.004559417304482616,0.007492603538344467,0.010047462471639568
0,1,0.007492603538344467,0.010047462471639568,0.002292918309239056,0.008892611725498822
0,1,0.002292918309239056,0.008892611725498822,-0.012613403554773805,-0.005585756987090407
0,1,-0.012613403554773805,-0.005585756987090407,-0.010943812686266097,-0.007518743165389141
0,1,-0.010943812686266097,-0.007518743165389141,-0.005265101118342441,-0.00540001009853297
0,1,-0.005265101118342441,-0.00540001009853297,0.005006907214909928,0.0033415436553732025
0,1,0.005006907214909928,0.0033415436553732025,0.00246885521931528,0.01617591385374917
0,1,0.00246885521931528,0.01617591385374917,-0.010239672313046788,-0.019439445456097437
1,0,-0.010239672313046788,-0.019439445456097437,0.0037684464739091705,-0.007313143073732542
0,1,0.0037684464739091705,-0.007313143073732542,0.015863612102620994,0.030775231469640563
0,1,0.015863612102620994,0.030775231469640563,-0.005886399668231901,0.0019389685715169858
0,1,-0.005886399668231901,0.0019389685715169858,0.0054698681962745965,-0.003185854170665081
0,1,0.0054698681962745965,-0.003185854170665081,0.007429236682666485,-0.0025420999253784604
0,1,0.007429236682666485,-0.0025420999253784604,0.005259497312604555,-0.008017570515124417
0,1,0.005259497312604555,-0.008017570515124417,-0.013145029005800835,-0.02813809529360789
0,1,-0.013145029005800835,-0.02813809529360789,-0.041355515158788214,-0.03281154124741048
0,1,-0.041355515158788214,-0.03281154124741048,-0.013002149451134093,-0.010901493505564686
0,1,-0.013002149451134093,-0.010901493505564686,0.003854510096736874,0.011141247210106675
0,1,0.003854510096736874,0.011141247210106675,0.00997174993341532,0.010472857280491299
0,1,0.00997174993341532,0.010472857280491299,-0.0040824123253351274,-0.018876474075528504
0,1,-0.0040824123253351274,-0.018876474075528504,-0.0031016594047555968,-0.014450905983958262
0,1,-0.0031016594047555968,-0.014450905983958262,0.028579552645663364,0.026022827452691244
0,1,0.028579552645663364,0.026022827452691244,0.011440064227245195,0.009930082173428278
0,1,0.011440064227245195,0.009930082173428278,0.011933129956226196,0.0073017871006157975
0,1,0.011933129956226196,0.0073017871006157975,0.0051220482586327165,0.01691836570532801
0,1,0.0051220482586327165,0.01691836570532801,-0.006323672256778656,0.0003237609246315998
0,1,-0.006323672256778656,0.0003237609246315998,-0.016260101164126906,-0.009456827765282894
1,0,-0.016260101164126906,-0.009456827765282894,0.011277859258856937,0.011017470706560895
1,0,0.011277859258856937,0.011017470706560895,0.004212552690819882,0.009171304806097957
1,0,0.004212552690819882,0.009171304806097957,0.00016425089973259865,-0.0020816141971914393
1,0,0.00016425089973259865,-0.0020816141971914393,-0.009393716598122936,-0.014221517989094323
1,0,-0.009393716598122936,-0.014221517989094323,-6.762129023596408e-05,-0.0024554686199433906
0,1,-6.762129023596408e-05,-0.0024554686199433906,0.011361145014937568,0.007510627152664817
0,1,0.011361145014937568,0.007510627152664817,0.0042319825285126456,0.0068261332871999425
0,1,0.0042319825285126456,0.0068261332871999425,-0.025492160760522853,-0.04174115548146273
0,1,-0.025492160760522853,-0.04174115548146273,-0.019922593044835124,-0.025852350222327347
0,1,-0.019922593044835124,-0.025852350222327347,-0.008675593196706743,-0.009212326051134534
0,1,-0.008675593196706743,-0.009212326051134534,0.022082680887481443,0.01880743917623584
0,1,0.022082680887481443,0.01880743917623584,0.01577428150666904,-0.011244728275840443
0,1,0.01577428150666904,-0.011244728275840443,-0.014191506400626719,-0.04055017809862682
0,1,-0.014191506400626719,-0.04055017809862682,0.022019003415117755,0.03196280736123036
0,1,0.022019003415117755,0.03196280736123036,0.014723814615267283,0.022959385873830174
0,1,0.014723814615267283,0.022959385873830174,0.010736221724111372,0.015335934844069143
0,1,0.010736221724111372,0.015335934844069143,0.010039077863912782,0.0012105186342603602
0,1,0.010039077863912782,0.0012105186342603602,0.015347550871507076,0.016608548181177074
0,1,0.015347550871507076,0.016608548181177074,0.0010484963047465712,0.001975610396134586
0,1,0.0010484963047465712,0.001975610396134586,0.011295318377614105,0.014554961089494167
0,1,0.011295318377614105,0.014554961089494167,0.0013941717713314983,-0.002699411163282317
0,1,0.0013941717713314983,-0.002699411163282317,0.00853999841352815,0.006874027619983458
1,0,0.00853999841352815,0.006874027619983458,0.0028123098300261162,0.004360124826820799
1,0,0.0028123098300261162,0.004360124826820799,-0.0015369524701093207,-0.005833054524113757
1,0,-0.0015369524701093207,-0.005833054524113757,-0.00023767034720012514,0.0013773990696579475
1,0,-0.00023767034720012514,0.0013773990696579475,0.00267744898945943,0.010081217202069448
1,0,0.00267744898945943,0.010081217202069448,-0.010688229987321662,-0.006287987462205491
1,0,-0.010688229987321662,-0.006287987462205491,0.004627039212799167,0.011553200618049209
1,0,0.004627039212799167,0.011553200618049209,0.009069944097486182,0.009904625474566497
0,1,0.009069944097486182,0.009904625474566497,0.01124979903023604,0.008851990421760991
0,1,0.01124979903023604,0.008851990421760991,-0.012524330990624222,-0.013575564339245116
0,1,-0.012524330990624222,-0.013575564339245116,0.007101717723899448,0.0031242997996021593
0,1,0.007101717723899448,0.0031242997996021593,0.019498461578303816,0.01269778903280594
0,1,0.019498461578303816,0.01269778903280594,0.01896873212369199,0.01978003677864426
1,0,0.01896873212369199,0.01978003677864426,0.004243286895765586,0.009290803181944085
1,0,0.004243286895765586,0.009290803181944085,0.0014006551667180567,0.0038616385327321368
1,0,0.0014006551667180567,0.0038616385327321368,0.0012695049931636948,0.000775872341994166
1,0,0.0012695049931636948,0.000775872341994166,-0.002790036427591569,-0.0039551662163528345
1,0,-0.002790036427591569,-0.0039551662163528345,0.0030098292122449077,0.0034152764602222163
1,0,0.0030098292122449077,0.0034152764602222163,-0.005301852887624858,-0.0030745152088648142
1,0,-0.005301852887624858,-0.0030745152088648142,-0.007388364581982221,-0.008018220257741793
1,0,-0.007388364581982221,-0.008018220257741793,-0.007343561222217021,-0.00421139303590401
1,0,-0.007343561222217021,-0.00421139303590401,-0.0011029808165845534,-0.0026120273370725533
1,0,-0.0011029808165845534,-0.0026120273370725533,-0.015360080128555942,-0.017145250738492712
1,0,-0.015360080128555942,-0.017145250738492712,0.015147370209135147,0.014634172328433559
1,0,0.015147370209135147,0.014634172328433559,-0.0007126252384133114,0.0032045504266025038
1,0,-0.0007126252384133114,0.0032045504266025038,-0.020429204104143728,-0.014124939376070844
1,0,-0.020429204104143728,-0.014124939376070844,-0.009180329823996636,-0.008352363568476684
1,0,-0.009180329823996636,-0.008352363568476684,-0.001472511776081764,-0.00045504064583645754
1,0,-0.001472511776081764,-0.00045504064583645754,-0.006634065585232385,-0.007469634525279267
1,0,-0.006634065585232385,-0.007469634525279267,-0.005333392660669012,-0.009308382670759507
1,0,-0.005333392660669012,-0.009308382670759507,-0.0016455026992955313,0.005911664552980644
1,0,-0.0016455026992955313,0.005911664552980644,-0.008046058363200714,-0.004140558794942462
1,0,-0.008046058363200714,-0.004140558794942462,0.004484275008841854,0.015916083282358162
1,0,0.004484275008841854,0.015916083282358162,-0.003149405915650494,-0.003976671620409045
1,0,-0.003149405915650494,-0.003976671620409045,0.007048188509438003,0.01428827311970493
1,0,0.007048188509438003,0.01428827311970493,0.009936048680988296,0.004189719690534721
1,0,0.009936048680988296,0.004189719690534721,0.00381555881051332,0.0001600310917548864
1,0,0.00381555881051332,0.0001600310917548864,0.0009700976926534377,-0.0005863937313015377
1,0,0.0009700976926534377,-0.0005863937313015377,0.009331401706760944,0.008988435899556446
1,0,0.009331401706760944,0.008988435899556446,0.0016609628017885125,0.00900949597737366
1,0,0.0016609628017885125,0.00900949597737366,0.001383329000093303,0.003757735370407911
1,0,0.001383329000093303,0.003757735370407911,0.0028961221197334464,0.014124189223505113
1,0,0.0028961221197334464,0.014124189223505113,0.003853638798435588,0.0016068204562762478
1,0,0.003853638798435588,0.0016068204562762478,0.007919833098819051,0.005438154027640696
1,0,0.007919833098819051,0.005438154027640696,0.009318573228975557,0.011227119055506218
1,0,0.009318573228975557,0.011227119055506218,0.011965436516134131,0.005510392729048519
1,0,0.011965436516134131,0.005510392729048519,0.002724964981809297,0.0030480526284377696
1,0,0.002724964981809297,0.0030480526284377696,-0.004350002622206528,-0.002018973224431675
1,0,-0.004350002622206528,-0.002018973224431675,0.01093305419695767,0.0127635647552371
1,0,0.01093305419695767,0.0127635647552371,0.0010382828923003462,0.0006901113744912646
1,0,0.0010382828923003462,0.0006901113744912646,-0.0011384660518508616,0.004515314564463191
1,0,-0.0011384660518508616,0.004515314564463191,-0.0016679583356233874,0.0011876088471978186
1,0,-0.0016679583356233874,0.0011876088471978186,0.00020878382001332518,-0.0015363728763155837
1,0,0.00020878382001332518,-0.0015363728763155837,0.00403437951726926,0.002044054584068755
1,0,0.00403437951726926,0.002044054584068755,0.006695845325075389,0.017142504478489196
1,0,0.006695845325075389,0.017142504478489196,0.0004843801482992127,0.005928695974299236
1,0,0.0004843801482992127,0.005928695974299236,0.003063910038984874,0.007296952803937495
1,0,0.003063910038984874,0.007296952803937495,0.005609598334238131,0.007811391994150929
0,1,0.005609598334238131,0.007811391994150929,0.01004829974210697,0.013934950425538384
0,1,0.01004829974210697,0.013934950425538384,0.01209870517377909,0.013171307183998504
0,1,0.01209870517377909,0.013171307183998504,-0.0001014560997633085,0.004188001144603604
1,0,-0.0001014560997633085,0.004188001144603604,0.001690348225384497,-0.004632075149962667
1,0,0.001690348225384497,-0.004632075149962667,0.001394966220559235,0.0046330735208237606
1,0,0.001394966220559235,0.0046330735208237606,-0.008624858134828162,-0.005484028411450459
1,0,-0.008624858134828162,-0.005484028411450459,-0.009433349317149453,0.0017397838187152015
1,0,-0.009433349317149453,0.0017397838187152015,0.0035530066371753932,0.017154615961019415
1,0,0.0035530066371753932,0.017154615961019415,0.013320789333058247,0.009017512237625036
1,0,0.013320789333058247,0.009017512237625036,0.00291338868802149,0.0021102613403385373
1,0,0.00291338868802149,0.0021102613403385373,0.006881874514826469,0.0049964163379483395
1,0,0.006881874514826469,0.0049964163379483395,-0.004183667548440906,-0.0044806745152067284
1,0,-0.004183667548440906,-0.0044806745152067284,0.0021984147202993576,-0.0019162583281829848
1,0,0.0021984147202993576,-0.0019162583281829848,0.0020921831584215234,0.0009036742506172146
1,0,0.0020921831584215234,0.0009036742506172146,0.004013714273377822,0.01072625334501609
1,0,0.004013714273377822,0.01072625334501609,0.002964653960196406,-0.00045469255900365546
1,0,0.002964653960196406,-0.00045469255900365546,0.004660284717758589,0.015246088854085516
1,0,0.004660284717758589,0.015246088854085516,-0.004447056553595674,0.006755654965907798
1,0,-0.004447056553595674,0.006755654965907798,-0.0007051153236433683,-0.0006371330303666101
1,0,-0.0007051153236433683,-0.0006371330303666101,0.007130309580382077,0.01468419935399834
1,0,0.007130309580382077,0.01468419935399834,0.007044331456294239,0.007331966923457722
1,0,0.007044331456294239,0.007331966923457722,0.003883939173503048,0.009190513543360534
1,0,0.003883939173503048,0.009190513543360534,-0.0014281839416647735,0.01092484355587886
1,0,-0.0014281839416647735,0.01092484355587886,-0.0009748747782578615,0.01223173028849045
1,0,-0.0009748747782578615,0.01223173028849045,0.0032719651060784116,-0.0016577517217856164
1,0,0.0032719651060784116,-0.0016577517217856164,0.001122179914514465,-0.0027867891901161013
1,0,0.001122179914514465,-0.0027867891901161013,0.006423290648645441,0.011567297101419571
1,0,0.006423290648645441,0.011567297101419571,0.011958534230847251,0.0043925337046508695
1,0,0.011958534230847251,0.0043925337046508695,-2.5375449123843374e-05,-0.005527273997362858
1,0,-2.5375449123843374e-05,-0.005527273997362858,0.004715652275267601,0.008525095064738641
1,0,0.004715652275267601,0.008525095064738641,-0.0011318556139221503,0.00876913350727837
1,0,-0.0011318556139221503,0.00876913350727837,0.002200276598853579,-0.002025511755403442
1,0,0.002200276598853579,-0.002025511755403442,0.006171110513381484,0.019382199057366156
0,1,0.006171110513381484,0.019382199057366156,0.005576078622708591,0.02368616999408113
0,1,0.005576078622708591,0.02368616999408113,0.008573440381939523,0.018927535289516406
0,1,0.008573440381939523,0.018927535289516406,0.017641021944732715,0.021184240326635573
0,1,0.017641021944732715,0.021184240326635573,-0.013053397078747198,-0.014623046676363272
0,1,-0.013053397078747198,-0.014623046676363272,-0.051109624815006915,-0.05609786427083663
0,1,-0.051109624815006915,-0.05609786427083663,0.019545197114082757,0.03244001646768213
0,1,0.019545197114082757,0.03244001646768213,0.0032604954745527603,0.015458987745737618
0,1,0.0032604954745527603,0.015458987745737618,-0.006583195269935005,-0.003370815460890686
0,1,-0.006583195269935005,-0.003370815460890686,0.008611751550902547,0.01517805020432017
0,1,0.008611751550902547,0.01517805020432017,0.005972594112011453,0.005906922500828804
0,1,0.005972594112011453,0.005906922500828804,-0.020205277016496992,-0.035793967994092846
0,1,-0.020205277016496992,-0.035793967994092846,0.002849795286585355,-0.012891795990129906
0,1,0.002849795286585355,-0.012891795990129906,0.0003915091985129404,-0.012522450705742094
0,1,0.0003915091985129404,-0.012522450705742094,0.00451144065424991,0.01498024507276341
0,1,0.00451144065424991,0.01498024507276341,0.00787921587937146,0.019654273752904627
0,1,0.00787921587937146,0.019654273752904627,-0.007066370052544513,-0.008476872975746508
0,1,-0.007066370052544513,-0.008476872975746508,-0.006510260436313642,0.0003635839907822902
0,1,-0.006510260436313642,0.0003635839907822902,0.008654253012980284,0.02597528911378566
0,1,0.008654253012980284,0.02597528911378566,-0.0026875757765005837,0.004511699296551486
0,1,-0.0026875757765005837,0.004511699296551486,0.003593522935106286,0.005316582858412966
0,1,0.003593522935106286,0.005316582858412966,-0.001412725980215912,-0.00385626340181211
0,1,-0.001412725980215912,-0.00385626340181211,0.010035796884675374,0.01965541185660946
0,1,0.010035796884675374,0.01965541185660946,0.003863675731116345,0.003397697859049087
0,1,0.003863675731116345,0.003397697859049087,-0.005283607132869794,-0.010319161378013142
0,1,-0.005283607132869794,-0.010319161378013142,-0.00424395408514211,-0.023723948415443896
0,1,-0.00424395408514211,-0.023723948415443896,0.006620689418439074,0.0035441554988033808
0,1,0.006620689418439074,0.0035441554988033808,0.012101433800383088,0.023307816289785732
0,1,0.012101433800383088,0.023307816289785732,0.0050316017609555175,0.0073928088520718305
0,1,0.0050316017609555175,0.0073928088520718305,0.005470720852854161,0.004974213507429548
0,1,0.005470720852854161,0.004974213507429548,0.0021209513231459365,-0.011307754302315454
0,1,0.0021209513231459365,-0.011307754302315454,0.0015749740900752318,0.010166769678706222
0,1,0.0015749740900752318,0.010166769678706222,0.0017680734435616685,-0.007871927906597409
0,1,0.0017680734435616685,-0.007871927906597409,0.0068173273772045295,0.015598469983812313
0,1,0.0068173273772045295,0.015598469983812313,0.0059366580814299574,0.021735755317497274
0,1,0.0059366580814299574,0.021735755317497274,-0.0033649887288018654,-0.010870770481771985
0,1,-0.0033649887288018654,-0.010870770481771985,0.0076869250410853684,0.00548830036477943
0,1,0.0076869250410853684,0.00548830036477943,0.008361407771243279,0.007407962350232111
0,1,0.008361407771243279,0.007407962350232111,-0.0021386907833822466,0.008061432483819075
0,1,-0.0021386907833822466,0.008061432483819075,-0.0066558152928232195,-0.00941953892123748
0,1,-0.0066558152928232195,-0.00941953892123748,-0.025260072125038446,-0.0495287665834756
0,1,-0.025260072125038446,-0.0495287665834756,0.0005027753029407389,-0.012371903630811087
0,1,0.0005027753029407389,-0.012371903630811087,-0.018100849020791454,-0.036944721910398104
0,1,-0.018100849020791454,-0.036944721910398104,0.003052835773615259,0.007316158728017053
0,1,0.003052835773615259,0.007316158728017053,0.021572659208780598,0.029705042387479175
0,1,0.021572659208780598,0.029705042387479175,-0.004119873997923351,-0.026348522417787956
0,1,-0.004119873997923351,-0.026348522417787956,-0.011286295558248227,-0.03769271875714553
0,1,-0.011286295558248227,-0.03769271875714553,0.016802396291116573,0.03901359388672199
0,1,0.016802396291116573,0.03901359388672199,-0.004784023759502931,-0.009080111183985884
0,1,-0.004784023759502931,-0.009080111183985884,-0.01065409593440414,-0.015646676572252605
0,1,-0.01065409593440414,-0.015646676572252605,-0.036991607243794467,-0.05469077229871955
0,1,-0.036991607243794467,-0.05469077229871955,-0.013455488032271257,-0.009768814477519427
0,1,-0.013455488032271257,-0.009768814477519427,0.015621346615182663,0.022695836810045833
0,1,0.015621346615182663,0.022695836810045833,0.0198946141560572,0.02843863703124838
0,1,0.0198946141560572,0.02843863703124838,0.009221070540247123,0.015336865200406002
0,1,0.009221070540247123,0.015336865200406002,0.005220736437480333,0.004307300670405523
0,1,0.005220736437480333,0.004307300670405523,0.012371637192092333,0.009015196539549741
0,1,0.012371637192092333,0.009015196539549741,0.011218691925544144,0.013220913956789149
1,0,0.011218691925544144,0.013220913956789149,0.007988257438907631,0.012445901681419125
1,0,0.007988257438907631,0.012445901681419125,0.013424831621900335,0.014012277061566492
1,0,0.013424831621900335,0.014012277061566492,0.002959387354331655,0.008453061602038181
1,0,0.002959387354331655,0.008453061602038181,-0.007133098300696306,-0.011770414933156337
1,0,-0.007133098300696306,-0.011770414933156337,0.012665448733698792,0.018066595800055874
1,0,0.012665448733698792,0.018066595800055874,0.0052019587518661314,0.009607891814041647
1,0,0.0052019587518661314,0.009607891814041647,0.006604118522837599,0.0021001250800816162
1,0,0.006604118522837599,0.0021001250800816162,0.004666664292579448,0.014087988738376689
1,0,0.004666664292579448,0.014087988738376689,5.0411940382799614e-05,0.002618385739074247
1,0,5.0411940382799614e-05,0.002618385739074247,-0.004179648071505504,-0.0016390291342366359
1,0,-0.004179648071505504,-0.0016390291342366359,0.003492056461372295,0.013041986523140592
1,0,0.003492056461372295,0.013041986523140592,0.005219856657888711,0.0066499022734956
1,0,0.005219856657888711,0.0066499022734956,-0.005399363540025681,-0.012803741835908822
1,0,-0.005399363540025681,-0.012803741835908822,0.0034144047516277976,-0.004579470435424726
1,0,0.0034144047516277976,-0.004579470435424726,0.008872307518853706,0.0016226983840053055
1,0,0.008872307518853706,0.0016226983840053055,-0.00998424544398957,-0.013191226167319825
1,0,-0.00998424544398957,-0.013191226167319825,0.023338007201559208,0.022242933039264168
1,0,0.023338007201559208,0.022242933039264168,0.010920340282000174,0.019761960758062358
1,0,0.010920340282000174,0.019761960758062358,0.01046400444063389,0.01507203439061211
1,0,0.01046400444063389,0.01507203439061211,0.00011588627793579498,-0.001774120165164872
1,0,0.00011588627793579498,-0.001774120165164872,0.01253194968108673,0.017269936276154363
1,0,0.01253194968108673,0.017269936276154363,0.0018964129037819522,0.004426364767623925
1,0,0.0018964129037819522,0.004426364767623925,-0.0007153715129348814,0.0007069826317935846
1,0,-0.0007153715129348814,0.0007069826317935846,-0.0016755907802796788,0.0026975321309661293
1,0,-0.0016755907802796788,0.0026975321309661293,-0.0048233178702161705,-0.015628870660456484
1,0,-0.0048233178702161705,-0.015628870660456484,-0.0006630353496829278,-0.013638243434238029
1,0,-0.0006630353496829278,-0.013638243434238029,0.0006148827031813298,-0.0010821638208272644
1,0,0.0006148827031813298,-0.0010821638208272644,0.005387844085362525,0.00543801316492698
1,0,0.005387844085362525,0.00543801316492698,0.005261251219172536,0.006866262703646875
1,0,0.005261251219172536,0.006866262703646875,0.010698808183963626,0.015381610068666784
1,0,0.010698808183963626,0.015381610068666784,-0.0042881994791696965,-0.012174184223087026
1,0,-0.0042881994791696965,-0.012174184223087026,0.004911202072900078,-0.0011004073437713702
1,0,0.004911202072900078,-0.0011004073437713702,0.0037205875312071868,-0.005784355410441311
1,0,0.0037205875312071868,-0.005784355410441311,-0.006455942471107479,-0.009186690847385104
1,0,-0.006455942471107479,-0.009186690847385104,0.001524970708175033,0.0021465864658880562
1,0,0.001524970708175033,0.0021465864658880562,0.004370342125736171,0.006696593086674474
1,0,0.004370342125736171,0.006696593086674474,0.0008285115829491652,0.0005822686054268722
1,0,0.0008285115829491652,0.0005822686054268722,0.003870831520720097,0.013821117762462976
1,0,0.003870831520720097,0.013821117762462976,-0.004247189935552287,-0.0001178440736838704
1,0,-0.004247189935552287,-0.0001178440736838704,0.0025554686373310265,0.008803820628076275
1,0,0.0025554686373310265,0.008803820628076275,0.005641701293875201,0.005231051134950038
1,0,0.005641701293875201,0.005231051134950038,0.004613455164382607,0.011114441433561328
1,0,0.004613455164382607,0.011114441433561328,-0.006696399678411957,-0.004559258815209022
1,0,-0.006696399678411957,-0.004559258815209022,0.006842898574227485,0.005553075490003501
1,0,0.006842898574227485,0.005553075490003501,0.00746078700661057,0.014775507557804879
1,0,0.00746078700661057,0.014775507557804879,0.005219061403997083,0.008781594981079666
1,0,0.005219061403997083,0.008781594981079666,0.002731061933299417,0.0005952285108552502
1,0,0.002731061933299417,0.0005952285108552502,0.0012224973500165603,0.005778703495597837
1,0,0.0012224973500165603,0.005778703495597837,0.015271929021191122,0.022228953959185782
1,0,0.015271929021191122,0.022228953959185782,0.0104848585324262,0.011751374228365918
1,0,0.0104848585324262,0.011751374228365918,-0.00551306107761651,-0.00964606680156499
1,0,-0.00551306107761651,-0.00964606680156499,0.007675812923244818,0.016492843121429956
1,0,0.007675812923244818,0.016492843121429956,0.009848856934131955,0.01603417673861096
1,0,0.009848856934131955,0.01603417673861096,-0.00035217036053847295,0.0019168069485007155
1,0,-0.00035217036053847295,0.0019168069485007155,-0.06572982697028518,-0.078611328182985
0,1,-0.06572982697028518,-0.078611328182985,0.007209007612709151,0.010420603314757582
0,1,0.007209007612709151,0.010420603314757582,-0.09889847289522069,-0.10701586074755487
0,1,-0.09889847289522069,-0.10701586074755487,-0.10683372268604352,-0.11990608703231143
0,1,-0.10683372268604352,-0.11990608703231143,0.03493196164947543,0.05569153468591126
0,1,0.03493196164947543,0.05569153468591126,0.01993903099004468,0.007973071746570914
0,1,0.01993903099004468,0.007973071746570914,0.06872791014936586,0.05942294903123613
0,1,0.06872791014936586,0.05942294903123613,0.02230618767808079,0.04117433543290305
0,1,0.02230618767808079,0.04117433543290305,-0.010711968921598314,-0.002025523826711062
0,1,-0.010711968921598314,-0.002025523826711062,0.007095484440799327,0.020015123921040878
0,1,0.007095484440799327,0.020015123921040878,-0.004408963574467295,0.018425731558296077
0,1,-0.004408963574467295,0.018425731558296077,-0.008328437259865984,0.010022239617037743
0,1,-0.008328437259865984,0.010022239617037743,0.01310953508698165,0.017424897795196292
0,1,0.01310953508698165,0.017424897795196292,0.01956446346273233,0.01184718392201689
0,1,0.01956446346273233,0.01184718392201689,0.02280517338550525,0.01742383188415575
0,1,0.02280517338550525,0.01742383188415575,-0.008080350825433125,-0.002070161098601475
0,1,-0.008080350825433125,-0.002070161098601475,-0.004959149924883999,0.02078791837084326
0,1,-0.004959149924883999,0.02078791837084326,-0.009471816724567872,0.007268756775126173
0,1,-0.009471816724567872,0.007268756775126173,0.00812760910688426,0.021540613052553503
1,0,0.00812760910688426,0.021540613052553503,0.006639631830624992,0.03773146390230919
1,0,0.006639631830624992,0.03773146390230919,0.016041271467496232,0.003221920058073424
1,0,0.016041271467496232,0.003221920058073424,0.013489068663701476,0.008481293323796102
1,0,0.013489068663701476,0.008481293323796102,0.0027162092256323156,0.0036972004483633025
1,0,0.0027162092256323156,0.0036972004483633025,0.0053631081038005846,0.01833520108069786
1,0,0.0053631081038005846,0.01833520108069786,0.004096816211452525,-0.0029741690897295836
1,0,0.004096816211452525,-0.0029741690897295836,0.0036176821063931275,0.02776009908536592
0,1,0.0036176821063931275,0.02776009908536592,0.006430272769422318,0.01925909651750146
0,1,0.006430272769422318,0.01925909651750146,-0.005079728304967612,-0.0025570423255759644
0,1,-0.005079728304967612,-0.0025570423255759644,-0.010802942908017976,-0.04032138203576008
0,1,-0.010802942908017976,-0.04032138203576008,0.0070531404493974215,0.009661461661284898
0,1,0.0070531404493974215,0.009661461661284898,-0.021694305892795085,-0.009396799884063278
0,1,-0.021694305892795085,-0.009396799884063278,0.015488488515940979,0.02287435633514434
0,1,0.015488488515940979,0.02287435633514434,0.01769381187378083,0.02141830567661218
0,1,0.01769381187378083,0.02141830567661218,0.0039346811373419666,0.019602120194998296
0,1,0.0039346811373419666,0.019602120194998296,-0.011235902880077253,-0.022143141872881467
0,1,-0.011235902880077253,-0.022143141872881467,-0.030667042863702476,-0.034323196074899864
0,1,-0.030667042863702476,-0.034323196074899864,0.03243184820911127,0.05099225986310274
0,1,0.03243184820911127,0.05099225986310274,0.02723608712053527,-0.00031809030799478943
0,1,0.02723608712053527,-0.00031809030799478943,0.0005204464101848938,0.0048901722413849935
0,1,0.0005204464101848938,0.0048901722413849935,-0.000552840331352833,0.012168396873641685
0,1,-0.000552840331352833,0.012168396873641685,0.002308524108420862,0.01542442350620643
0,1,0.002308524108420862,0.01542442350620643,0.001605127431971498,0.002754482888264409
1,0,0.001605127431971498,0.002754482888264409,0.007843348661106697,0.023685971458104804
1,0,0.007843348661106697,0.023685971458104804,-0.007172047873393539,0.0065133972930722095
1,0,-0.007172047873393539,0.0065133972930722095,0.011312444353486217,0.005477711996003665
1,0,0.011312444353486217,0.005477711996003665,0.005702611162865523,0.019059167991354542
1,0,0.005702611162865523,0.019059167991354542,-0.0032659550244115154,0.0003510277632545744
0,1,-0.0032659550244115154,0.0003510277632545744,0.002792146101262327,0.021059205903743328
0,1,0.002792146101262327,0.021059205903743328,-0.010016649104465425,-0.01531733684458747
0,1,-0.010016649104465425,-0.01531733684458747,0.00150968713011701,0.027643560277722967
0,1,0.00150968713011701,0.027643560277722967,0.010536260828336808,0.024130854947624458
0,1,0.010536260828336808,0.024130854947624458,-0.009422439784382286,-0.0034214579115244836
0,1,-0.009422439784382286,-0.0034214579115244836,-0.019164215517155192,-0.05458058678923483
0,1,-0.019164215517155192,-0.05458058678923483,-0.006373130756294421,-0.03186704534542062
0,1,-0.006373130756294421,-0.03186704534542062,0.01965330628453965,0.0009731755193993497
0,1,0.01965330628453965,0.0009731755193993497,0.014019022576355678,0.013299893633173632
0,1,0.014019022576355678,0.013299893633173632,0.007135579450549878,-0.006914804985710954
0,1,0.007135579450549878,-0.006914804985710954,0.007622456419434043,0.019204646983594253
0,1,0.007622456419434043,0.019204646983594253,0.011542499155699604,0.04106141567981192
0,1,0.011542499155699604,0.04106141567981192,0.011173128177555336,0.025818593896568487
0,1,0.011173128177555336,0.025818593896568487,0.009359664863398898,-0.0028547310021763694
0,1,0.009359664863398898,-0.0028547310021763694,-0.006570228865982686,0.004286957043202699
0,1,-0.006570228865982686,0.004286957043202699,0.010034415612323322,-0.021690317022168615
0,1,0.010034415612323322,-0.021690317022168615,-0.000743991604972627,-0.031374215198737954
0,1,-0.000743991604972627,-0.031374215198737954,0.004725718660054001,0.006752645635248911
0,1,0.004725718660054001,0.006752645635248911,0.0027232454904904113,0.02815235035770125
0,1,0.0027232454904904113,0.02815235035770125,0.0017820629076987782,0.008924374856949635
0,1,0.0017820629076987782,0.008924374856949635,0.010382879008675072,0.0008745132287755197
0,1,0.010382879008675072,0.0008745132287755197,-0.008221331583321057,-0.016577354004233213
0,1,-0.008221331583321057,-0.016577354004233213,0.0024466182805853443,0.014477569519799838
0,1,0.0024466182805853443,0.014477569519799838,0.007126792481359834,0.009242575725947555
0,1,0.007126792481359834,0.009242575725947555,0.007255691837932288,-0.002655042383869488
0,1,0.007255691837932288,-0.002655042383869488,0.006392534961315421,-0.0016493467713578625
0,1,0.006392534961315421,-0.0016493467713578625,-0.0003604627721707221,0.001776631015604213
0,1,-0.0003604627721707221,0.001776631015604213,0.008544370320842098,0.015969117278491263
1,0,0.008544370320842098,0.015969117278491263,0.004767275527305603,0.01611403899488484
1,0,0.004767275527305603,0.01611403899488484,0.00576813010487176,0.013409228977829146
1,0,0.00576813010487176,0.013409228977829146,0.006013368632636462,-0.025716599902237847
0,1,0.006013368632636462,-0.025716599902237847,0.0005372549237561142,0.022752624339446026
0,1,0.0005372549237561142,0.022752624339446026,0.007432973318940217,0.010729703597406326
0,1,0.007432973318940217,0.010729703597406326,-0.004445993765683776,-0.0019620935656722294
0,1,-0.004445993765683776,-0.0019620935656722294,-0.011990468917211894,-0.005555368169163688
0,1,-0.011990468917211894,-0.005555368169163688,-0.010350887519234409,-0.007930097657684043
0,1,-0.010350887519234409,-0.007930097657684043,-0.02243853593941958,-0.015504193424646928
0,1,-0.02243853593941958,-0.015504193424646928,-0.0026621711277079463,-0.0023027018775758634
0,1,-0.0026621711277079463,-0.0023027018775758634,0.010124532916835793,0.018268673934713098
0,1,0.010124532916835793,0.018268673934713098,0.01872229065515052,0.027956216964855285
0,1,0.01872229065515052,0.027956216964855285,0.0022090987391543138,0.014799291078182453
0,1,0.0022090987391543138,0.014799291078182453,0.006832391249306458,0.016558584310179647
0,1,0.006832391249306458,0.016558584310179647,0.0030754865013060684,-0.007895054715973848
0,1,0.0030754865013060684,-0.007895054715973848,0.0010725311176573715,-0.001410339034792596
0,1,0.0010725311176573715,-0.001410339034792596,-0.010457815377442836,-0.016108438408964698
0,1,-0.010457815377442836,-0.016108438408964698,-0.014519693276406787,-0.02617104867714759
0,1,-0.014519693276406787,-0.02617104867714759,0.018750495998679284,0.014515284579362131
0,1,0.018750495998679284,0.014515284579362131,0.010796820967208243,-0.01897136198312066
0,1,0.010796820967208243,-0.01897136198312066,0.0035136414864942456,0.010258533029776418
0,1,0.0035136414864942456,0.010258533029776418,0.016135096761430434,0.01978764908655295
0,1,0.016135096761430434,0.01978764908655295,-0.016075391545749662,-0.02182315254370526
0,1,-0.016075391545749662,-0.02182315254370526,-0.013441276489580156,-0.013634401881120306
0,1,-0.013441276489580156,-0.013634401881120306,-0.017798587262440213,-0.04259077504777231
0,1,-0.017798587262440213,-0.04259077504777231,-0.02214010556858914,-0.035719787361205846
0,1,-0.02214010556858914,-0.035719787361205846,0.017580353014344574,0.04245533366809129
0,1,0.017580353014344574,0.04245533366809129,-0.0034338472951280785,0.00017911397763170633
0,1,-0.0034338472951280785,0.00017911397763170633,-0.014556523880098537,-0.024152152999425747
0,1,-0.014556523880098537,-0.024152152999425747,-0.009527329339871882,-0.021829351102751415
0,1,-0.009527329339871882,-0.021829351102751415,0.012678422897360875,-0.004124536620811359
0,1,0.012678422897360875,-0.004124536620811359,-0.013972522086820649,-0.03295033561252225
0,1,-0.013972522086820649,-0.03295033561252225,0.02468358126494019,0.046157813745508536
0,1,0.02468358126494019,0.046157813745508536,0.01549473721957928,0.04356630822182095
1,0,0.01549473721957928,0.04356630822182095,0.01636215620396686,0.014027770511031434
0,1,0.01636215620396686,0.014027770511031434,0.010141946299460303,-0.023716424065511
0,1,0.010141946299460303,-0.023716424065511,-0.008440113063058141,-0.0323845538575126
0,1,-0.008440113063058141,-0.0323845538575126,-0.013939127582692223,-0.01239810904075156
0,1,-0.013939127582692223,-0.01239810904075156,-0.030083734668615247,-0.047497648518886715
0,1,-0.030083734668615247,-0.047497648518886715,-0.018171496595819625,-0.005318787082561838
0,1,-0.018171496595819625,-0.005318787082561838,-0.024679610337565605,-0.05388350318132806
0,1,-0.024679610337565605,-0.05388350318132806,-0.0033865060550619663,-0.0039988249854508995
0,1,-0.0033865060550619663,-0.0039988249854508995,0.025155275709395353,0.03318135191195681
1,0,0.025155275709395353,0.03318135191195681,0.0027959561080901363,0.02276618906379957
0,1,0.0027959561080901363,0.02276618906379957,-0.023874800468445256,-0.017240753273490173
0,1,-0.023874800468445256,-0.017240753273490173,-0.05332224200401414,-0.07248137397043264
0,1,-0.05332224200401414,-0.07248137397043264,0.029034029069391787,0.00936587978558534
0,1,0.029034029069391787,0.00936587978558534,0.014357171122511891,0.012057198230076782
0,1,0.014357171122511891,0.012057198230076782,0.004555096962207905,-0.007558374442095284
0,1,0.004555096962207905,-0.007558374442095284,-0.007236507726708252,-0.009574363334425406
0,1,-0.007236507726708252,-0.009574363334425406,0.007114599821774759,0.016182587885308575
0,1,0.007114599821774759,0.016182587885308575,0.01465508106750768,0.025807556193569114
0,1,0.01465508106750768,0.025807556193569114,0.007624488085436143,-0.001539264307776067
0,1,0.007624488085436143,-0.001539264307776067,0.014450092677078086,0.015833813612055714
0,1,0.014450092677078086,0.015833813612055714,0.010262136333757166,0.009670737429894771
0,1,0.010262136333757166,0.009670737429894771,-0.02446784780359401,-0.004890692595143076
0,1,-0.02446784780359401,-0.004890692595143076,-0.02747446330866188,-0.031177460727837114
0,1,-0.02747446330866188,-0.031177460727837114,0.006178562407181953,-0.0011986749092403048
0,1,0.006178562407181953,-0.0011986749092403048,-0.010775979529215496,-0.005016669534043228
0,1,-0.010775979529215496,-0.005016669534043228,-0.03037746107950201,-0.034662855791622094
0,1,-0.03037746107950201,-0.034662855791622094,-0.02926050919742318,-0.031771804568788364
0,1,-0.02926050919742318,-0.031771804568788364,0.010615156670142012,0.031644398756423664
1,0,0.010615156670142012,0.031644398756423664,-0.01968386217242135,-0.013669179112579366
0,1,-0.01968386217242135,-0.013669179112579366,0.01493635735887655,0.025088397562015974
1,0,0.01493635735887655,0.025088397562015974,0.037088795174454514,0.04150356967896385
1,0,0.037088795174454514,0.04150356967896385,-0.0017937336145957827,0.003858675991800453
1,0,-0.0017937336145957827,0.003858675991800453,0.026088735157445475,0.020354400201728184
1,0,0.026088735157445475,0.020354400201728184,0.014808545560039077,0.012077036376691552
1,0,0.014808545560039077,0.012077036376691552,0.020230974881135566,0.01781680536169028
1,0,0.020230974881135566,0.01781680536169028,0.008795563280615593,0.005248729038125788
0,1,0.008795563280615593,0.005248729038125788,-0.007756707060921686,-0.018204121517599092
0,1,-0.007756707060921686,-0.018204121517599092,-0.004665354356732543,-0.006626344947373131
0,1,-0.004665354356732543,-0.006626344947373131,-0.008451011956466581,0.00035103455087570623
0,1,-0.008451011956466581,0.00035103455087570623,0.0014530459211401503,0.0021890820754562057
0,1,0.0014530459211401503,0.0021890820754562057,0.007213892084213969,-0.006977158039596865
0,1,0.007213892084213969,-0.006977158039596865,0.01091946257253773,0.011012092699824061
0,1,0.01091946257253773,0.011012092699824061,-0.006488791415799944,0.00018742220210477
0,1,-0.006488791415799944,0.00018742220210477,0.0017701396774081335,0.005771433723310571
0,1,0.0017701396774081335,0.005771433723310571,0.0010242399044395611,-0.013053250459737598
0,1,0.0010242399044395611,-0.013053250459737598,-0.00791226656786359,0.0029772280123898653
0,1,-0.00791226656786359,0.0029772280123898653,0.000546909083176006,0.0017716234836218092
0,1,0.000546909083176006,0.0017716234836218092,-0.01331822572873309,-0.015119684392485455
0,1,-0.01331822572873309,-0.015119684392485455,-0.008564941494664136,0.00015702288214836102
0,1,-0.008564941494664136,0.00015702288214836102,-0.007394082425636772,-0.01026606476514369
0,1,-0.007394082425636772,-0.01026606476514369,0.0006289430780865857,-0.032965264842959474
0,1,0.0006289430780865857,-0.032965264842959474,0.010881839857378672,0.00960140176329638
0,1,0.010881839857378672,0.00960140176329638,0.022152196184106687,0.02577659385279718
0,1,0.022152196184106687,0.02577659385279718,0.02126128128692395,0.027689896038082917
0,1,0.02126128128692395,0.027689896038082917,0.0062488987583178,0.011548236520249278
0,1,0.0062488987583178,0.011548236520249278,0.003817212832710082,-0.00012835261169208412
0,1,0.003817212832710082,-0.00012835261169208412,0.0012819953722471578,-0.0035008957455252565
0,1,0.0012819953722471578,-0.0035008957455252565,0.0016998796505702796,-0.011881680076661016
0,1,0.0016998796505702796,-0.011881680076661016,0.0007794411681769642,0.00032813985497992526
0,1,0.0007794411681769642,0.00032813985497992526,-0.008025377597178363,-0.003499749099684757
0,1,-0.008025377597178363,-0.003499749099684757,-0.018318638618214034,-0.013480985826837322
0,1,-0.018318638618214034,-0.013480985826837322,-0.005917039413577685,-0.0040912198175028225
0,1,-0.005917039413577685,-0.0040912198175028225,0.004490347090267077,0.0071696905238289865
0,1,0.004490347090267077,0.0071696905238289865,0.012460720428005834,0.03160618547246541
0,1,0.012460720428005834,0.03160618547246541,-0.003917173456931655,-0.004054482765833423
0,1,-0.003917173456931655,-0.004054482765833423,0.003218185762842607,0.0029464785774289126
0,1,0.003218185762842607,0.0029464785774289126,-0.0024464049309963487,-0.0039246584247093486
0,1,-0.0024464049309963487,-0.0039246584247093486,0.007930764981590954,0.021611981194633145
0,1,0.007930764981590954,0.021611981194633145,0.012126140539604702,0.00861556718436085
0,1,0.012126140539604702,0.00861556718436085,0.0039007670391724147,0.0008424657126655521
0,1,0.0039007670391724147,0.0008424657126655521,-0.014295867045702959,-0.010287522296780649
0,1,-0.014295867045702959,-0.010287522296780649,0.002438052318326278,-0.0046138457425558554
0,1,0.002438052318326278,-0.0046138457425558554,-0.012990513724396524,-0.01642075766557105
0,1,-0.012990513724396524,-0.01642075766557105,-0.003968815241189416,0.0009594417793283849
1,0,-0.003968815241189416,0.0009594417793283849,0.01162210870598046,0.02231443029017499
1,0,0.01162210870598046,0.02231443029017499,-0.0062566224330189435,-0.005899299434098837
0,1,-0.0062566224330189435,-0.005899299434098837,0.008547334023343511,0.0001645905422482663
0,1,0.008547334023343511,0.0001645905422482663,-0.0045712998530665905,-0.017906399579889376
0,1,-0.0045712998530665905,-0.017906399579889376,-0.020717999193390346,-0.01572776038534418
0,1,-0.020717999193390346,-0.01572776038534418,-0.014936382076341959,-0.005841242281199754
0,1,-0.014936382076341959,-0.005841242281199754,0.015180672520260563,0.018420138383021145
1,0,0.015180672520260563,0.018420138383021145,-0.007140814072667423,-0.01426718946975536
0,1,-0.007140814072667423,-0.01426718946975536,-0.01498785966695293,-0.01726724011283165
0,1,-0.01498785966695293,-0.01726724011283165,0.01889582904557141,0.027412174080573726
1,0,0.01889582904557141,0.027412174080573726,0.009423697617746418,0.027966451756709754
0,1,0.009423697617746418,0.027966451756709754,0.011466825525864532,0.02803294014594271
0,1,0.011466825525864532,0.02803294014594271,0.009872867430047672,0.014326876599448646
0,1,0.009872867430047672,0.014326876599448646,0.006412414842415837,-0.003875020680942365
0,1,0.006412414842415837,-0.003875020680942365,0.006212436911941177,-0.004303044686802315
1,0,0.006212436911941177,-0.004303044686802315,0.008471383625385354,0.021876097153515683
0,1,0.008471383625385354,0.021876097153515683,-0.0013279948508249095,0.014072248860896641
0,1,-0.0013279948508249095,0.014072248860896641,0.009893116805692825,0.009010054168710369
0,1,0.009893116805692825,0.009010054168710369,0.005887919613206893,-0.014450472658004698
0,1,0.005887919613206893,-0.014450472658004698,0.008245406588239357,0.029454281376489755
0,1,0.008245406588239357,0.029454281376489755,0.001178329351073426,0.014987487226462148
0,1,0.001178329351073426,0.014987487226462148,0.006112398627352578,0.022622724717636045
0,1,0.006112398627352578,0.022622724717636045,0.005953079080102119,0.020494361103933212
0,1,0.005953079080102119,0.020494361103933212,-0.007512990197496072,0.03078979127949588
0,1,-0.007512990197496072,0.03078979127949588,0.0004959670852073828,0.010236712529494874
0,1,0.0004959670852073828,0.010236712529494874,0.01344762614832895,0.011299398875108446
0,1,0.01344762614832895,0.011299398875108446,0.002235176640664749,0.02351725696801421
0,1,0.002235176640664749,0.02351725696801421,0.0065912745746670165,0.021251720717577083
0,1,0.0065912745746670165,0.021251720717577083,0.004078853231448187,-0.007441519150132692
0,1,0.004078853231448187,-0.007441519150132692,0.004581305252419732,0.02178580806925723
0,1,0.004581305252419732,0.02178580806925723,0.004433775769556725,0.0031807700036676767
0,1,0.004433775769556725,0.0031807700036676767,-0.011205833911683394,-0.004649588425810425
0,1,-0.011205833911683394,-0.004649588425810425,-0.014511814120434674,-0.0030071587314871584
0,1,-0.014511814120434674,-0.0030071587314871584,-0.012205552103283668,-0.03931157362546722
0,1,-0.012205552103283668,-0.03931157362546722,0.011082512819267087,0.007311873889592535
0,1,0.011082512819267087,0.007311873889592535,-0.0007599498232411239,0.005684704891014691
0,1,-0.0007599498232411239,0.005684704891014691,0.014965263448773136,0.023641885367968074
0,1,0.014965263448773136,0.023641885367968074,0.011163850616932258,0.013287957915615323
0,1,0.011163850616932258,0.013287957915615323,-0.004977045217452014,0.015308725244135069
0,1,-0.004977045217452014,0.015308725244135069,-0.008966776317554048,0.0014023914430394413
1,0,-0.008966776317554048,0.0014023914430394413,0.01022791174622073,0.007098203882770271
1,0,0.01022791174622073,0.007098203882770271,-0.007149146490080804,0.016911945029975284
1,0,-0.007149146490080804,0.016911945029975284,0.005420930891451015,0.007101451663607206
1,0,0.005420930891451015,0.007101451663607206,0.003971091574558772,-0.0028345218836857144
0,1,0.003971091574558772,-0.0028345218836857144,0.0003549361218935232,0.019265038010977342
0,1,0.0003549361218935232,0.019265038010977342,0.013511587595954389,0.012102465539505669
0,1,0.013511587595954389,0.012102465539505669,0.014309924842647481,-0.025311600094705122
0,1,0.014309924842647481,-0.025311600094705122,0.0020982846342600947,-0.02770726863481332
0,1,0.0020982846342600947,-0.02770726863481332,0.011537008263448056,-0.026188621729125394
0,1,0.011537008263448056,-0.026188621729125394,-0.009981063617242159,-0.027125265460340997
0,1,-0.009981063617242159,-0.027125265460340997,0.021698225070050814,0.06026996068950452
0,1,0.021698225070050814,0.06026996068950452,0.02403599540170176,0.029389535705747427
0,1,0.02403599540170176,0.029389535705747427,0.012387572321355567,-0.0021467466970006566
0,1,0.012387572321355567,-0.0021467466970006566,-0.0024962164130237774,-0.038989230660941954
0,1,-0.0024962164130237774,-0.038989230660941954,0.0020620056259796904,0.012369695661670788
1,0,0.0020620056259796904,0.012369695661670788,0.00269439127878357,0.029844608034490516
0,1,0.00269439127878357,0.029844608034490516,0.002822701438054631,0.023639008516724846
0,1,0.002822701438054631,0.023639008516724846,-0.006950652825015835,-0.008760191882364432
0,1,-0.006950652825015835,-0.008760191882364432,-3.5934344685517594e-05,0.00877852952860625
0,1,-3.5934344685517594e-05,0.00877852952860625,0.012465037620799757,0.01366572358938778
0,1,0.012465037620799757,0.01366572358938778,-0.014175504790104654,-0.008707296705611434
0,1,-0.014175504790104654,-0.008707296705611434,-0.010666606297026315,-0.013033750842404879
0,1,-0.010666606297026315,-0.013033750842404879,0.013610517217850227,0.01778663603187125
0,1,0.013610517217850227,0.01778663603187125,-0.006755222200734656,-0.0020395686594848472
0,1,-0.006755222200734656,-0.0020395686594848472,-0.0007140183261235,0.0004378181888657906
0,1,-0.0007140183261235,0.0004378181888657906,,
